50 50 2000 400
0 0 505.41 9
1 0 505.38 1
2 0 554.10 2
3 0 556.95 4
4 0 546.35 4
5 0 554.95 4
6 0 607.11 5
7 0 609.16 8
8 0 580.77 7
9 0 595.96 9
10 0 616.80 9
11 0 641.98 0
12 0 648.80 2
13 0 649.45 2
14 0 650.84 5
15 0 675.54 6
16 0 710.96 5
17 0 693.91 7
18 0 701.78 9
19 0 719.64 9
20 0 740.38 9
21 0 769.10 1
22 0 789.54 1
23 0 754.07 3
24 0 815.34 5
25 0 808.95 4
26 0 757.89 5
27 0 788.57 6
28 0 735.76 7
29 0 766.43 8
30 0 712.59 0
31 0 715.21 2
32 0 737.27 1
33 0 704.09 3
34 0 712.33 3
35 0 646.73 4
36 0 645.42 7
37 0 648.30 6
38 0 615.34 8
39 0 605.31 9
40 0 589.13 1
41 0 600.22 2
42 0 586.07 1
43 0 573.46 3
44 0 549.00 3
45 0 581.27 5
46 0 531.70 5
47 0 505.12 8
48 0 528.19 9
49 0 497.02 9
0 1 532.04 2
1 1 494.58 3
2 1 525.76 4
3 1 526.60 6
4 1 541.43 7
5 1 586.02 7
6 1 597.09 8
7 1 590.81 9
8 1 594.51 1
9 1 615.86 1
10 1 613.78 1
11 1 628.52 2
12 1 622.97 4
13 1 636.55 5
14 1 676.62 7
15 1 716.64 6
16 1 674.46 9
17 1 694.70 0
18 1 740.95 1
19 1 707.03 0
20 1 749.85 2
21 1 748.10 2
22 1 748.62 5
23 1 767.69 6
24 1 798.59 7
25 1 758.43 8
26 1 769.71 9
27 1 771.87 0
28 1 783.71 0
29 1 747.83 0
30 1 733.10 1
31 1 695.34 4
32 1 693.35 5
33 1 697.13 5
34 1 711.73 5
35 1 693.24 7
36 1 676.06 8
37 1 624.79 8
38 1 644.58 9
39 1 644.01 2
40 1 637.35 1
41 1 596.29 4
42 1 585.76 3
43 1 570.37 5
44 1 546.52 5
45 1 570.42 7
46 1 562.14 8
47 1 541.73 8
48 1 533.35 1
49 1 520.68 2
0 2 525.56 3
1 2 530.10 4
2 2 524.69 7
3 2 555.11 6
4 2 536.28 7
5 2 594.35 0
6 2 572.72 1
7 2 562.96 2
8 2 591.89 3
9 2 597.82 4
10 2 602.58 4
11 2 616.51 6
12 2 624.47 6
13 2 690.45 6
14 2 681.35 7
15 2 704.11 0
16 2 704.74 0
17 2 704.70 1
18 2 701.89 3
19 2 704.63 3
20 2 758.79 5
21 2 722.25 5
22 2 758.31 6
23 2 798.48 7
24 2 775.12 8
25 2 766.61 9
26 2 746.42 0
27 2 779.34 2
28 2 761.23 3
29 2 725.11 3
30 2 704.99 3
31 2 707.00 5
32 2 693.57 5
33 2 670.85 6
34 2 708.09 7
35 2 687.10 0
36 2 688.02 9
37 2 640.08 2
38 2 661.67 3
39 2 598.19 4
40 2 594.47 4
41 2 582.22 4
42 2 580.88 5
43 2 573.78 8
44 2 580.74 9
45 2 558.02 0
46 2 530.70 9
47 2 507.74 1
48 2 524.47 2
49 2 487.56 3
0 3 477.37 5
1 3 506.59 8
2 3 538.18 8
3 3 524.41 8
4 3 536.60 1
5 3 553.42 0
6 3 576.05 1
7 3 577.84 3
8 3 599.28 5
9 3 598.58 6
10 3 626.96 5
11 3 628.18 7
12 3 639.64 8
13 3 631.66 9
14 3 668.34 9
15 3 702.02 2
16 3 666.75 3
17 3 714.21 2
18 3 725.15 5
19 3 720.51 6
20 3 719.48 5
21 3 765.75 8
22 3 748.78 9
23 3 771.43 9
24 3 768.28 9
25 3 762.49 0
26 3 753.89 3
27 3 725.75 4
28 3 769.33 5
29 3 746.48 6
30 3 704.51 6
31 3 695.43 6
32 3 732.49 7
33 3 670.62 9
34 3 656.50 1
35 3 666.56 2
36 3 637.86 3
37 3 632.95 4
38 3 660.77 3
39 3 599.54 6
40 3 606.52 6
41 3 622.42 8
42 3 586.83 7
43 3 594.83 0
44 3 571.17 0
45 3 530.93 0
46 3 521.33 3
47 3 535.64 2
48 3 544.41 5
49 3 523.91 5
0 4 527.51 8
1 4 539.84 9
2 4 521.84 0
3 4 544.85 1
4 4 524.43 2
5 4 558.00 4
6 4 581.95 5
7 4 581.11 5
8 4 621.93 6
9 4 621.50 6
10 4 636.28 8
11 4 656.76 8
12 4 634.55 0
13 4 644.19 1
14 4 688.18 3
15 4 653.59 2
16 4 666.60 5
17 4 695.74 5
18 4 695.61 6
19 4 725.61 6
20 4 709.84 7
21 4 761.74 9
22 4 758.49 1
23 4 771.34 0
24 4 753.09 1
25 4 726.11 4
26 4 749.72 3
27 4 760.86 6
28 4 759.70 5
29 4 708.99 6
30 4 739.53 7
31 4 681.43 8
32 4 724.23 1
33 4 670.49 1
34 4 697.11 3
35 4 660.50 2
36 4 666.41 3
37 4 636.63 6
38 4 629.71 6
39 4 626.75 7
40 4 600.72 8
41 4 613.50 0
42 4 562.43 9
43 4 568.62 0
44 4 585.05 1
45 4 573.61 4
46 4 524.04 3
47 4 515.00 5
48 4 517.96 7
49 4 476.00 6
0 5 512.16 1
1 5 532.99 0
2 5 511.67 2
3 5 550.86 4
4 5 558.20 4
5 5 584.88 5
6 5 570.16 5
7 5 582.06 8
8 5 596.68 9
9 5 600.59 8
10 5 588.46 1
11 5 657.18 1
12 5 643.95 3
13 5 657.76 3
14 5 673.08 4
15 5 646.46 5
16 5 691.43 6
17 5 678.72 8
18 5 729.83 9
19 5 699.74 8
20 5 721.22 9
21 5 751.57 2
22 5 727.92 2
23 5 748.91 4
24 5 711.91 4
25 5 770.23 5
26 5 762.48 6
27 5 726.97 6
28 5 732.57 9
29 5 739.15 9
30 5 725.40 9
31 5 713.88 2
32 5 710.15 3
33 5 674.50 3
34 5 693.35 5
35 5 684.60 4
36 5 638.84 6
37 5 617.94 7
38 5 642.70 9
39 5 633.79 8
40 5 633.58 0
41 5 604.70 0
42 5 575.37 3
43 5 594.91 3
44 5 578.44 4
45 5 541.94 6
46 5 525.74 5
47 5 524.76 8
48 5 519.95 9
49 5 477.59 8
0 6 500.75 3
1 6 505.13 3
2 6 518.50 3
3 6 513.40 4
4 6 537.13 7
5 6 581.50 7
6 6 547.84 9
7 6 561.32 8
8 6 590.94 1
9 6 632.00 1
10 6 621.88 1
11 6 621.84 2
12 6 651.16 3
13 6 650.68 4
14 6 655.89 5
15 6 644.45 7
16 6 684.56 8
17 6 681.78 9
18 6 688.04 9
19 6 705.45 2
20 6 703.40 1
21 6 741.10 4
22 6 704.31 5
23 6 696.87 6
24 6 713.49 7
25 6 751.18 7
26 6 704.36 8
27 6 723.08 9
28 6 697.61 9
29 6 698.91 1
30 6 700.78 3
31 6 700.83 3
32 6 682.06 5
33 6 706.28 5
34 6 696.45 6
35 6 648.07 6
36 6 625.99 8
37 6 606.64 8
38 6 638.35 9
39 6 596.48 0
40 6 608.18 1
41 6 569.08 4
42 6 589.53 3
43 6 561.76 6
44 6 543.28 7
45 6 553.95 8
46 6 564.84 9
47 6 500.20 8
48 6 485.13 9
49 6 495.73 1
0 7 475.09 4
1 7 507.53 4
2 7 502.75 7
3 7 539.54 7
4 7 538.23 7
5 7 563.93 9
6 7 572.68 1
7 7 554.60 0
8 7 588.04 3
9 7 575.27 2
10 7 626.05 4
11 7 601.49 4
12 7 646.70 7
13 7 668.65 7
14 7 662.48 8
15 7 639.61 0
16 7 669.13 9
17 7 689.57 1
18 7 676.50 1
19 7 665.14 2
20 7 725.68 5
21 7 717.28 4
22 7 738.77 7
23 7 689.56 8
24 7 692.81 8
25 7 725.39 9
26 7 744.38 0
27 7 697.66 0
28 7 683.13 1
29 7 723.71 3
30 7 685.99 5
31 7 675.42 6
32 7 655.23 5
33 7 639.93 6
34 7 669.79 7
35 7 639.99 9
36 7 667.57 0
37 7 652.73 0
38 7 611.93 2
39 7 589.93 3
40 7 592.23 4
41 7 573.65 5
42 7 587.76 6
43 7 583.31 8
44 7 577.35 7
45 7 519.76 0
46 7 545.31 9
47 7 496.64 2
48 7 508.03 3
49 7 508.38 2
0 8 500.89 6
1 8 512.14 8
2 8 539.47 9
3 8 556.23 8
4 8 537.89 0
5 8 526.70 1
6 8 557.30 1
7 8 557.39 3
8 8 553.17 5
9 8 594.53 6
10 8 608.11 7
11 8 597.25 8
12 8 646.30 9
13 8 635.17 0
14 8 650.47 0
15 8 662.34 0
16 8 660.42 3
17 8 680.47 3
18 8 656.62 5
19 8 708.34 6
20 8 664.37 7
21 8 722.46 8
22 8 721.49 8
23 8 725.59 8
24 8 719.98 0
25 8 689.35 1
26 8 676.45 1
27 8 703.58 3
28 8 690.59 3
29 8 665.82 5
30 8 702.89 6
31 8 652.98 7
32 8 666.72 7
33 8 690.35 0
34 8 661.84 9
35 8 637.59 0
36 8 637.21 1
37 8 643.47 4
38 8 641.60 5
39 8 591.79 6
40 8 596.78 7
41 8 592.72 7
42 8 563.50 7
43 8 579.85 9
44 8 539.84 1
45 8 544.90 2
46 8 537.25 3
47 8 513.82 2
48 8 521.02 3
49 8 464.34 5
0 9 510.11 8
1 9 504.29 9
2 9 524.60 9
3 9 547.27 1
4 9 512.79 3
5 9 559.73 3
6 9 532.32 5
7 9 548.27 4
8 9 602.81 6
9 9 570.28 6
10 9 610.52 7
11 9 622.92 8
12 9 642.84 1
13 9 632.07 1
14 9 633.36 3
15 9 672.10 2
16 9 680.95 3
17 9 662.82 4
18 9 671.47 6
19 9 695.18 7
20 9 706.07 7
21 9 696.93 8
22 9 703.00 9
23 9 667.96 2
24 9 699.08 2
25 9 693.30 3
26 9 686.86 5
27 9 714.13 4
28 9 671.84 6
29 9 708.84 7
30 9 693.14 7
31 9 663.04 0
32 9 684.19 1
33 9 641.05 2
34 9 647.60 2
35 9 648.63 4
36 9 634.69 3
37 9 599.83 6
38 9 594.93 6
39 9 622.79 6
40 9 616.22 9
41 9 605.51 8
42 9 566.75 1
43 9 564.12 2
44 9 522.11 2
45 9 538.10 4
46 9 527.70 5
47 9 525.08 6
48 9 516.30 7
49 9 477.47 7
0 10 504.53 1
1 10 473.37 1
2 10 486.58 3
3 10 492.06 3
4 10 544.39 3
5 10 569.00 6
6 10 535.52 5
7 10 572.29 7
8 10 553.32 9
9 10 553.08 9
10 10 567.16 1
11 10 615.04 0
12 10 624.61 3
13 10 612.52 4
14 10 645.02 5
15 10 623.61 6
16 10 617.10 6
17 10 644.94 8
18 10 647.25 9
19 10 637.82 0
20 10 654.97 1
21 10 696.43 1
22 10 697.50 3
23 10 692.30 4
24 10 673.27 5
25 10 684.00 6
26 10 661.81 7
27 10 705.56 7
28 10 671.22 9
29 10 644.36 8
30 10 678.69 9
31 10 651.12 1
32 10 638.44 2
33 10 622.08 4
34 10 657.11 3
35 10 617.79 6
36 10 645.43 5
37 10 589.29 7
38 10 606.48 9
39 10 597.95 0
40 10 569.21 1
41 10 574.09 0
42 10 577.90 2
43 10 552.01 2
44 10 541.22 5
45 10 508.94 6
46 10 520.89 5
47 10 498.83 6
48 10 506.78 8
49 10 477.68 8
0 11 508.37 3
1 11 493.97 4
2 11 522.27 5
3 11 483.99 6
4 11 514.73 5
5 11 558.63 8
6 11 569.75 7
7 11 582.29 0
8 11 587.85 0
9 11 599.45 0
10 11 577.21 3
11 11 606.82 2
12 11 627.12 4
13 11 612.04 6
14 11 616.31 5
15 11 615.34 8
16 11 616.61 9
17 11 616.98 8
18 11 628.45 1
19 11 656.07 2
20 11 632.92 3
21 11 670.81 2
22 11 688.06 4
23 11 688.42 4
24 11 671.62 7
25 11 692.07 8
26 11 684.79 9
27 11 685.16 8
28 11 677.85 9
29 11 630.41 2
30 11 643.98 1
31 11 622.80 2
32 11 659.69 5
33 11 609.29 4
34 11 652.21 6
35 11 612.85 8
36 11 605.45 8
37 11 573.45 0
38 11 570.48 9
39 11 592.54 2
40 11 548.28 3
41 11 569.85 4
42 11 575.65 4
43 11 570.31 4
44 11 521.75 7
45 11 512.05 6
46 11 500.35 8
47 11 495.73 0
48 11 463.99 9
49 11 483.36 0
0 12 491.12 5
1 12 474.63 6
2 12 476.09 7
3 12 531.08 8
4 12 527.04 7
5 12 531.55 0
6 12 516.85 9
7 12 518.54 2
8 12 551.58 3
9 12 594.24 3
10 12 559.29 5
11 12 609.91 5
12 12 577.11 7
13 12 623.88 6
14 12 590.47 7
15 12 625.42 9
16 12 607.18 9
17 12 642.36 2
18 12 659.21 3
19 12 641.06 4
20 12 622.33 5
21 12 625.73 4
22 12 636.41 7
23 12 655.75 7
24 12 648.93 9
25 12 666.83 8
26 12 643.62 9
27 12 678.57 1
28 12 650.84 2
29 12 654.92 3
30 12 654.99 3
31 12 642.01 5
32 12 650.56 6
33 12 605.64 7
34 12 603.18 7
35 12 623.54 0
36 12 598.96 0
37 12 572.47 2
38 12 575.59 2
39 12 574.46 3
40 12 583.91 4
41 12 561.03 4
42 12 556.97 5
43 12 558.87 6
44 12 551.81 7
45 12 503.96 0
46 12 482.45 9
47 12 520.97 2
48 12 494.83 3
49 12 481.05 4
0 13 453.69 5
1 13 484.45 8
2 13 515.32 9
3 13 500.23 8
4 13 503.94 9
5 13 545.42 2
6 13 545.72 2
7 13 519.38 4
8 13 551.39 4
9 13 551.81 4
10 13 578.70 7
11 13 588.68 8
12 13 564.44 7
13 13 574.82 0
14 13 611.29 9
15 13 623.12 1
16 13 642.06 1
17 13 605.06 3
18 13 611.46 4
19 13 624.69 4
20 13 646.89 7
21 13 664.73 7
22 13 636.22 8
23 13 667.63 8
24 13 674.48 0
25 13 621.84 2
26 13 652.75 2
27 13 663.02 3
28 13 644.98 5
29 13 617.21 6
30 13 625.23 7
31 13 636.75 6
32 13 622.93 8
33 13 644.07 8
34 13 609.94 0
35 13 620.76 1
36 13 593.28 2
37 13 609.25 2
38 13 577.74 3
39 13 565.33 4
40 13 534.60 7
41 13 537.62 6
42 13 522.56 8
43 13 537.85 8
44 13 531.60 0
45 13 530.66 2
46 13 478.70 3
47 13 490.41 2
48 13 486.80 5
49 13 490.93 4
0 14 449.82 7
1 14 479.86 8
2 14 463.66 1
3 14 467.94 2
4 14 484.27 1
5 14 500.68 2
6 14 525.73 4
7 14 540.06 6
8 14 551.51 7
9 14 565.86 7
10 14 587.69 7
11 14 566.20 9
12 14 599.35 9
13 14 568.20 1
14 14 598.42 3
15 14 618.49 2
16 14 613.07 5
17 14 597.43 6
18 14 628.00 6
19 14 627.33 6
20 14 609.31 8
21 14 606.71 8
22 14 613.41 1
23 14 644.00 0
24 14 640.12 1
25 14 632.34 4
26 14 638.93 5
27 14 631.46 4
28 14 604.37 7
29 14 603.34 8
30 14 623.89 7
31 14 640.68 0
32 14 620.51 1
33 14 600.91 0
34 14 611.12 2
35 14 576.13 3
36 14 602.41 4
37 14 568.35 6
38 14 593.72 7
39 14 565.42 7
40 14 530.22 8
41 14 559.21 8
42 14 521.09 1
43 14 519.25 0
44 14 485.51 3
45 14 522.83 4
46 14 496.94 5
47 14 456.01 6
48 14 457.77 6
49 14 459.73 6
0 15 438.44 1
1 15 474.34 1
2 15 500.45 2
3 15 492.84 4
4 15 485.15 5
5 15 501.95 4
6 15 512.21 7
7 15 525.48 7
8 15 538.97 8
9 15 529.31 9
10 15 557.13 1
11 15 554.45 0
12 15 589.63 3
13 15 552.89 2
14 15 579.55 5
15 15 616.29 4
16 15 578.31 6
17 15 618.19 8
18 15 612.88 9
19 15 622.85 8
20 15 607.54 1
21 15 587.56 0
22 15 638.97 2
23 15 646.69 3
24 15 597.22 4
25 15 605.23 4
26 15 627.68 7
27 15 612.63 7
28 15 624.08 9
29 15 601.38 0
30 15 583.89 9
31 15 614.45 1
32 15 571.66 3
33 15 621.28 4
34 15 576.50 3
35 15 599.79 6
36 15 576.69 5
37 15 575.24 8
38 15 532.73 7
39 15 561.77 8
40 15 519.29 0
41 15 552.20 1
42 15 536.71 2
43 15 522.58 4
44 15 479.02 5
45 15 472.73 4
46 15 491.93 7
47 15 498.94 8
48 15 460.10 8
49 15 442.73 8
0 16 450.10 2
1 16 467.18 3
2 16 452.93 5
3 16 458.41 4
4 16 491.65 6
5 16 527.54 8
6 16 537.20 9
7 16 537.45 0
8 16 512.31 0
9 16 563.65 2
10 16 542.82 1
11 16 567.06 3
12 16 569.99 5
13 16 587.94 5
14 16 549.91 5
15 16 572.18 6
16 16 595.65 7
17 16 608.35 9
18 16 622.42 1
19 16 601.40 2
20 16 622.73 1
21 16 592.91 3
22 16 618.28 4
23 16 583.89 4
24 16 608.66 6
25 16 593.18 8
26 16 595.47 9
27 16 618.85 8
28 16 605.61 9
29 16 586.89 0
30 16 621.62 1
31 16 578.85 2
32 16 610.52 4
33 16 564.40 4
34 16 556.41 5
35 16 583.48 8
36 16 565.77 7
37 16 574.95 0
38 16 579.10 0
39 16 536.08 1
40 16 535.23 3
41 16 549.43 3
42 16 499.64 5
43 16 496.61 4
44 16 515.73 5
45 16 464.71 7
46 16 480.72 9
47 16 444.38 9
48 16 456.31 1
49 16 469.37 1
0 17 474.78 5
1 17 456.96 5
2 17 476.76 5
3 17 485.24 7
4 17 488.88 8
5 17 484.75 9
6 17 483.13 0
7 17 494.75 1
8 17 546.42 2
9 17 519.00 3
10 17 530.33 4
11 17 554.48 5
12 17 541.55 6
13 17 543.26 6
14 17 567.21 9
15 17 580.10 8
16 17 587.74 9
17 17 582.86 1
18 17 565.82 3
19 17 566.98 2
20 17 571.95 4
21 17 572.14 6
22 17 597.15 7
23 17 586.46 7
24 17 586.21 9
25 17 619.72 8
26 17 591.42 1
27 17 575.93 0
28 17 612.90 2
29 17 611.69 2
30 17 585.00 4
31 17 569.64 5
32 17 583.16 6
33 17 565.14 7
34 17 546.21 9
35 17 590.71 8
36 17 561.09 1
37 17 558.59 0
38 17 571.20 2
39 17 526.20 4
40 17 527.67 5
41 17 515.73 4
42 17 503.39 6
43 17 499.72 6
44 17 515.15 9
45 17 502.48 9
46 17 470.11 1
47 17 469.71 0
48 17 430.61 2
49 17 429.88 3
0 18 448.47 7
1 18 434.83 8
2 18 451.85 8
3 18 484.17 9
4 18 491.19 1
5 18 513.07 1
6 18 473.79 1
7 18 479.64 2
8 18 520.00 5
9 18 530.20 4
10 18 508.39 6
11 18 509.22 6
12 18 566.19 8
13 18 549.47 8
14 18 569.01 1
15 18 574.41 0
16 18 540.05 3
17 18 547.95 4
18 18 598.83 4
19 18 565.25 4
20 18 594.12 6
21 18 590.02 6
22 18 585.99 7
23 18 557.41 0
24 18 577.76 0
25 18 608.20 1
26 18 614.19 3
27 18 610.47 4
28 18 579.12 5
29 18 582.22 6
30 18 582.54 7
31 18 587.87 8
32 18 564.73 9
33 18 572.19 9
34 18 583.05 0
35 18 555.13 0
36 18 543.08 2
37 18 534.72 2
38 18 521.26 3
39 18 527.16 4
40 18 508.80 6
41 18 512.39 8
42 18 527.46 8
43 18 481.72 9
44 18 503.01 1
45 18 460.19 0
46 18 470.20 1
47 18 452.83 4
48 18 445.01 3
49 18 419.09 6
0 19 440.90 8
1 19 424.68 8
2 19 445.93 9
3 19 460.57 2
4 19 486.82 3
5 19 463.28 4
6 19 499.93 4
7 19 488.29 4
8 19 482.37 6
9 19 485.69 7
10 19 523.48 8
11 19 535.49 9
12 19 511.42 9
13 19 515.62 2
14 19 513.76 1
15 19 534.89 2
16 19 565.95 5
17 19 528.13 4
18 19 540.78 6
19 19 548.34 7
20 19 557.03 8
21 19 600.65 9
22 19 584.44 9
23 19 563.68 0
24 19 547.85 2
25 19 548.77 3
26 19 554.76 4
27 19 591.66 4
28 19 548.09 7
29 19 553.27 7
30 19 550.14 7
31 19 543.69 0
32 19 573.90 1
33 19 563.00 0
34 19 546.33 3
35 19 570.11 3
36 19 516.01 5
37 19 502.69 6
38 19 524.71 6
39 19 515.29 7
40 19 490.99 7
41 19 523.25 8
42 19 521.91 9
43 19 493.33 1
44 19 447.87 2
45 19 473.45 3
46 19 476.92 3
47 19 478.72 6
48 19 458.45 6
49 19 443.45 6
0 20 417.04 9
1 20 418.79 1
2 20 418.30 3
3 20 441.90 4
4 20 433.79 4
5 20 477.25 6
6 20 478.93 5
7 20 462.24 6
8 20 481.38 9
9 20 517.10 9
10 20 525.23 0
11 20 527.69 0
12 20 531.52 2
13 20 539.74 3
14 20 555.91 4
15 20 549.69 6
16 20 529.84 7
17 20 545.97 8
18 20 531.68 8
19 20 543.31 9
20 20 543.29 1
21 20 583.97 2
22 20 540.48 3
23 20 541.34 3
24 20 581.79 5
25 20 554.66 4
26 20 578.59 7
27 20 553.60 6
28 20 582.07 9
29 20 578.18 0
30 20 538.22 1
31 20 524.29 2
32 20 565.71 1
33 20 543.61 3
34 20 553.24 3
35 20 538.77 5
36 20 520.86 6
37 20 496.80 8
38 20 523.24 7
39 20 527.01 8
40 20 480.50 9
41 20 474.50 1
42 20 466.18 1
43 20 481.01 3
44 20 478.05 5
45 20 467.63 6
46 20 436.96 6
47 20 426.06 8
48 20 408.12 7
49 20 434.10 8
0 21 415.22 3
1 21 399.71 4
2 21 449.44 4
3 21 462.73 6
4 21 425.30 7
5 21 445.93 6
6 21 482.00 8
7 21 450.34 8
8 21 510.76 9
9 21 466.39 0
10 21 499.11 1
11 21 485.38 4
12 21 494.96 5
13 21 542.77 6
14 21 536.38 6
15 21 541.30 8
16 21 535.80 9
17 21 532.95 0
18 21 534.80 9
19 21 522.44 0
20 21 548.18 3
21 21 537.65 2
22 21 551.11 5
23 21 546.78 5
24 21 574.92 7
25 21 580.26 7
26 21 570.89 8
27 21 564.93 9
28 21 566.97 0
29 21 551.69 2
30 21 545.17 2
31 21 555.12 4
32 21 520.67 4
33 21 528.05 5
34 21 496.54 5
35 21 550.41 8
36 21 486.90 7
37 21 539.64 9
38 21 474.19 9
39 21 480.10 1
40 21 461.62 3
41 21 502.47 4
42 21 476.34 5
43 21 493.50 4
44 21 435.64 6
45 21 443.14 6
46 21 429.31 9
47 21 419.82 9
48 21 444.73 9
49 21 421.37 2
0 22 434.39 5
1 22 392.69 5
2 22 444.21 5
3 22 434.32 8
4 22 455.39 7
5 22 456.91 9
6 22 431.19 1
7 22 459.36 0
8 22 499.03 2
9 22 471.57 3
10 22 482.37 3
11 22 515.93 4
12 22 514.64 7
13 22 531.18 8
14 22 527.41 8
15 22 488.92 0
16 22 492.64 1
17 22 528.12 1
18 22 527.96 1
19 22 510.13 4
20 22 547.46 4
21 22 563.95 6
22 22 541.81 5
23 22 521.69 7
24 22 556.09 7
25 22 516.84 8
26 22 536.92 1
27 22 510.25 1
28 22 521.44 2
29 22 533.68 4
30 22 508.76 3
31 22 526.67 4
32 22 523.49 7
33 22 524.45 8
34 22 522.64 9
35 22 512.22 8
36 22 479.76 0
37 22 489.19 2
38 22 469.12 3
39 22 482.19 3
40 22 471.59 4
41 22 464.39 6
42 22 437.92 6
43 22 439.11 7
44 22 458.17 8
45 22 450.61 9
46 22 407.72 9
47 22 408.62 1
48 22 397.42 3
49 22 430.48 2
0 23 415.66 5
1 23 436.79 6
2 23 440.37 8
3 23 397.27 0
4 23 452.70 0
5 23 439.23 0
6 23 439.70 3
7 23 459.38 2
8 23 466.93 4
9 23 473.85 6
10 23 491.20 5
11 23 495.28 8
12 23 460.51 9
13 23 519.26 0
14 23 472.63 9
15 23 478.35 0
16 23 526.42 3
17 23 499.24 3
18 23 525.71 3
19 23 493.41 6
20 23 508.21 7
21 23 515.58 6
22 23 496.65 9
23 23 519.72 9
24 23 527.56 1
25 23 503.02 1
26 23 525.61 3
27 23 527.39 2
28 23 505.90 4
29 23 525.58 6
30 23 490.70 5
31 23 541.76 7
32 23 502.98 8
33 23 523.73 8
34 23 495.55 0
35 23 491.34 1
36 23 479.07 3
37 23 475.96 2
38 23 491.12 4
39 23 500.83 4
40 23 497.57 6
41 23 447.68 7
42 23 480.93 9
43 23 428.02 0
44 23 435.16 1
45 23 441.19 2
46 23 437.64 2
47 23 402.67 2
48 23 405.44 4
49 23 425.87 5
0 24 390.03 7
1 24 383.87 8
2 24 414.54 1
3 24 435.70 0
4 24 414.04 3
5 24 457.02 2
6 24 436.27 3
7 24 456.96 6
8 24 479.47 6
9 24 435.09 8
10 24 494.22 7
11 24 454.33 8
12 24 492.56 0
13 24 507.05 1
14 24 516.86 2
15 24 490.33 4
16 24 523.91 4
17 24 480.78 4
18 24 481.39 5
19 24 479.43 8
20 24 517.30 9
21 24 516.25 8
22 24 519.48 9
23 24 525.93 1
24 24 489.95 2
25 24 493.23 4
26 24 512.81 5
27 24 506.14 5
28 24 511.72 5
29 24 490.11 6
30 24 479.80 7
31 24 530.51 9
32 24 485.02 1
33 24 527.21 0
34 24 467.71 2
35 24 511.21 3
36 24 495.51 4
37 24 502.19 5
38 24 467.58 5
39 24 473.78 7
40 24 474.23 8
41 24 461.13 0
42 24 451.90 1
43 24 441.98 2
44 24 450.31 3
45 24 402.06 3
46 24 437.31 3
47 24 432.34 4
48 24 402.59 6
49 24 422.11 6
0 25 388.15 1
1 25 408.81 0
2 25 382.33 2
3 25 402.66 3
4 25 432.83 4
5 25 421.50 5
6 25 418.66 5
7 25 449.32 6
8 25 442.41 9
9 25 448.10 0
10 25 457.14 9
11 25 479.62 2
12 25 471.15 2
13 25 468.31 3
14 25 449.77 4
15 25 488.10 6
16 25 510.45 6
17 25 465.73 7
18 25 505.02 9
19 25 514.07 0
20 25 512.61 9
21 25 477.34 1
22 25 509.94 1
23 25 504.27 3
24 25 516.93 5
25 25 510.04 4
26 25 495.57 6
27 25 474.53 6
28 25 525.22 9
29 25 520.89 8
30 25 476.01 9
31 25 474.25 2
32 25 463.40 2
33 25 475.27 3
34 25 470.01 3
35 25 455.33 4
36 25 501.13 5
37 25 475.72 7
38 25 433.63 8
39 25 478.42 0
40 25 469.44 1
41 25 467.56 0
42 25 420.94 3
43 25 429.54 3
44 25 420.33 5
45 25 422.41 4
46 25 431.70 6
47 25 408.12 8
48 25 412.11 7
49 25 357.62 8
0 26 349.44 2
1 26 356.38 2
2 26 402.06 5
3 26 387.61 4
4 26 380.10 6
5 26 444.02 6
6 26 431.72 9
7 26 437.80 0
8 26 440.34 1
9 26 421.50 1
10 26 461.74 2
11 26 478.30 2
12 26 473.82 4
13 26 454.80 5
14 26 486.52 6
15 26 492.17 6
16 26 463.02 7
17 26 456.26 9
18 26 471.77 0
19 26 486.17 2
20 26 469.47 1
21 26 465.29 4
22 26 518.85 5
23 26 520.23 5
24 26 504.90 7
25 26 517.49 8
26 26 478.23 9
27 26 510.96 9
28 26 490.25 1
29 26 478.16 0
30 26 491.54 2
31 26 483.20 4
32 26 478.80 3
33 26 498.47 4
34 26 484.08 5
35 26 437.40 6
36 26 460.58 7
37 26 471.96 8
38 26 470.38 0
39 26 441.63 1
40 26 431.83 3
41 26 417.38 4
42 26 410.22 4
43 26 406.66 4
44 26 402.86 7
45 26 410.16 6
46 26 376.53 8
47 26 382.52 0
48 26 388.32 9
49 26 396.06 0
0 27 357.25 4
1 27 400.64 5
2 27 407.97 5
3 27 399.23 7
4 27 377.10 8
5 27 428.36 0
6 27 435.42 0
7 27 435.28 1
8 27 450.23 1
9 27 450.72 3
10 27 440.27 5
11 27 430.77 6
12 27 418.11 7
13 27 462.93 7
14 27 430.25 7
15 27 447.23 8
16 27 454.50 0
17 27 475.11 0
18 27 474.76 2
19 27 454.31 2
20 27 497.11 4
21 27 489.28 5
22 27 490.87 6
23 27 473.99 7
24 27 502.22 8
25 27 476.71 9
26 27 462.12 0
27 27 458.78 1
28 27 494.07 1
29 27 500.03 3
30 27 473.43 4
31 27 494.79 4
32 27 448.93 6
33 27 478.10 8
34 27 449.02 8
35 27 434.88 8
36 27 471.13 1
37 27 457.59 0
38 27 424.15 1
39 27 433.94 4
40 27 452.50 3
41 27 394.81 4
42 27 429.47 7
43 27 433.98 7
44 27 402.85 7
45 27 373.96 0
46 27 405.22 9
47 27 387.65 1
48 27 383.63 1
49 27 356.67 2
0 28 345.76 7
1 28 355.43 7
2 28 384.08 8
3 28 360.10 9
4 28 365.13 1
5 28 398.74 0
6 28 384.21 2
7 28 411.20 3
8 28 392.89 5
9 28 438.52 6
10 28 410.57 5
11 28 419.87 7
12 28 438.62 7
13 28 418.66 9
14 28 469.39 9
15 28 425.54 0
16 28 427.98 2
17 28 436.81 4
18 28 482.43 5
19 28 481.61 6
20 28 460.27 6
21 28 453.95 6
22 28 479.24 9
23 28 485.87 8
24 28 496.15 0
25 28 471.80 0
26 28 486.08 3
27 28 464.56 3
28 28 453.82 5
29 28 476.13 5
30 28 459.67 5
31 28 437.57 8
32 28 441.56 8
33 28 446.34 0
34 28 474.22 0
35 28 462.52 1
36 28 438.05 1
37 28 410.10 2
38 28 422.27 4
39 28 446.63 5
40 28 436.35 7
41 28 418.87 8
42 28 384.41 9
43 28 419.63 9
44 28 398.53 9
45 28 405.81 2
46 28 378.80 3
47 28 368.62 4
48 28 350.90 3
49 28 387.00 5
0 29 323.53 7
1 29 375.96 0
2 29 360.37 0
3 29 375.70 1
4 29 381.30 1
5 29 365.75 4
6 29 366.54 5
7 29 402.58 5
8 29 380.98 7
9 29 407.63 8
10 29 391.17 8
11 29 401.03 9
12 29 399.49 9
13 29 440.98 2
14 29 450.34 2
15 29 427.57 4
16 29 451.05 3
17 29 427.66 4
18 29 470.62 7
19 29 468.38 6
20 29 461.45 8
21 29 455.30 9
22 29 461.58 0
23 29 437.20 2
24 29 478.51 2
25 29 460.08 4
26 29 443.73 4
27 29 467.71 5
28 29 482.84 7
29 29 422.29 8
30 29 444.04 7
31 29 468.53 8
32 29 436.75 1
33 29 469.52 0
34 29 450.13 2
35 29 410.64 3
36 29 451.79 3
37 29 421.22 6
38 29 414.12 6
39 29 428.01 7
40 29 402.75 9
41 29 386.80 8
42 29 396.62 9
43 29 395.19 1
44 29 405.76 1
45 29 365.94 4
46 29 349.21 3
47 29 338.81 4
48 29 335.77 6
49 29 359.04 6
0 30 315.52 1
1 30 366.21 1
2 30 378.68 3
3 30 368.35 3
4 30 376.28 4
5 30 376.03 6
6 30 401.02 6
7 30 379.24 6
8 30 389.26 7
9 30 404.03 0
10 30 388.86 1
11 30 395.83 2
12 30 418.97 1
13 30 447.49 4
14 30 421.88 4
15 30 403.42 5
16 30 457.75 5
17 30 411.63 8
18 30 437.38 8
19 30 436.02 8
20 30 441.47 1
21 30 416.95 1
22 30 450.66 3
23 30 471.23 2
24 30 455.05 5
25 30 461.89 5
26 30 450.39 6
27 30 444.92 6
28 30 439.77 9
29 30 464.44 0
30 30 452.15 0
31 30 426.97 1
32 30 420.45 1
33 30 441.75 4
34 30 441.60 5
35 30 439.98 5
36 30 392.48 6
37 30 419.08 8
38 30 382.77 8
39 30 423.19 0
40 30 370.99 0
41 30 368.72 2
42 30 362.53 2
43 30 366.94 4
44 30 362.33 4
45 30 339.74 4
46 30 368.31 7
47 30 369.41 8
48 30 344.65 7
49 30 326.11 0
0 31 315.36 1
1 31 356.41 2
2 31 336.09 3
3 31 380.43 6
4 31 385.08 5
5 31 385.73 7
6 31 387.89 7
7 31 387.27 0
8 31 391.59 9
9 31 393.44 1
10 31 367.20 2
11 31 414.15 2
12 31 376.57 4
13 31 401.62 5
14 31 410.24 7
15 31 399.33 8
16 31 430.95 8
17 31 407.34 0
18 31 446.41 9
19 31 413.77 1
20 31 421.25 2
21 31 457.56 4
22 31 458.35 3
23 31 456.82 6
24 31 423.37 6
25 31 438.77 8
26 31 453.26 8
27 31 417.22 8
28 31 415.17 1
29 31 421.80 2
30 31 441.39 3
31 31 434.50 2
32 31 422.78 5
33 31 430.03 4
34 31 404.10 5
35 31 422.03 6
36 31 378.41 7
37 31 404.93 0
38 31 395.58 9
39 31 407.46 1
40 31 370.36 1
41 31 390.50 2
42 31 403.94 5
43 31 395.31 4
44 31 392.50 7
45 31 336.35 6
46 31 327.57 9
47 31 323.31 0
48 31 354.28 1
49 31 335.15 0
0 32 345.58 5
1 32 310.00 5
2 32 333.88 5
3 32 350.91 7
4 32 365.26 9
5 32 379.59 9
6 32 346.88 9
7 32 353.90 0
8 32 365.79 2
9 32 407.89 3
10 32 410.50 4
11 32 368.60 4
12 32 391.89 5
13 32 403.17 6
14 32 409.14 7
15 32 382.58 9
16 32 390.26 1
17 32 386.41 1
18 32 425.50 1
19 32 386.85 2
20 32 420.87 4
21 32 434.69 4
22 32 442.96 5
23 32 429.08 6
24 32 446.25 9
25 32 413.71 8
26 32 431.91 0
27 32 423.65 2
28 32 430.52 2
29 32 415.28 3
30 32 435.40 3
31 32 414.98 4
32 32 403.10 7
33 32 426.24 7
34 32 381.22 9
35 32 426.51 9
36 32 386.56 0
37 32 386.42 2
38 32 417.74 3
39 32 358.61 4
40 32 399.33 4
41 32 347.65 5
42 32 382.89 6
43 32 370.31 6
44 32 358.65 8
45 32 358.74 9
46 32 354.34 9
47 32 343.70 1
48 32 328.13 3
49 32 318.10 2
0 33 290.75 5
1 33 290.85 8
2 33 310.42 8
3 33 306.47 0
4 33 347.67 0
5 33 347.25 1
6 33 379.13 1
7 33 329.03 2
8 33 352.51 5
9 33 339.99 4
10 33 355.03 7
11 33 387.00 7
12 33 407.72 9
13 33 364.30 0
14 33 373.10 9
15 33 364.77 0
16 33 395.01 1
17 33 396.75 4
18 33 373.69 5
19 33 411.99 4
20 33 385.17 5
21 33 430.54 6
22 33 404.71 7
23 33 428.18 8
24 33 427.48 9
25 33 385.27 2
26 33 426.01 1
27 33 381.12 2
28 33 401.84 5
29 33 415.54 5
30 33 380.31 7
31 33 405.49 6
32 33 387.77 7
33 33 411.53 0
34 33 372.97 9
35 33 366.36 0
36 33 400.82 1
37 33 393.09 4
38 33 356.86 3
39 33 397.87 4
40 33 345.42 7
41 33 368.99 6
42 33 327.75 8
43 33 325.97 8
44 33 325.98 9
45 33 351.47 2
46 33 355.91 2
47 33 337.72 3
48 33 330.87 3
49 33 290.93 5
0 34 304.16 8
1 34 293.97 8
2 34 322.89 9
3 34 328.48 2
4 34 328.93 1
5 34 342.59 3
6 34 331.62 3
7 34 349.76 4
8 34 328.65 7
9 34 385.26 8
10 34 353.16 9
11 34 366.41 9
12 34 386.42 1
13 34 356.63 0
14 34 359.42 1
15 34 392.26 3
16 34 384.03 3
17 34 397.11 4
18 34 362.53 6
19 34 378.45 7
20 34 378.16 9
21 34 412.77 9
22 34 368.11 1
23 34 369.35 2
24 34 377.10 1
25 34 395.66 2
26 34 370.45 3
27 34 408.79 6
28 34 399.25 6
29 34 375.00 8
30 34 415.25 7
31 34 406.03 9
32 34 370.56 9
33 34 398.44 0
34 34 373.68 1
35 34 352.21 4
36 34 373.21 4
37 34 348.89 6
38 34 363.26 6
39 34 353.85 7
40 34 369.84 9
41 34 343.12 9
42 34 328.43 9
43 34 312.67 2
44 34 308.54 1
45 34 305.61 3
46 34 320.22 3
47 34 331.88 4
48 34 332.80 7
49 34 282.18 8
0 35 320.26 9
1 35 304.50 2
2 35 327.62 1
3 35 307.34 4
4 35 318.09 3
5 35 330.12 5
6 35 317.04 7
7 35 331.40 6
8 35 325.77 8
9 35 350.60 0
10 35 377.28 1
11 35 378.81 1
12 35 387.85 1
13 35 392.36 4
14 35 382.56 3
15 35 365.25 5
16 35 371.42 7
17 35 394.58 7
18 35 377.35 7
19 35 383.14 8
20 35 392.90 0
21 35 409.66 0
22 35 375.18 1
23 35 393.21 2
24 35 355.64 5
25 35 372.98 6
26 35 381.91 7
27 35 398.51 6
28 35 411.24 8
29 35 397.62 0
30 35 373.96 0
31 35 385.24 2
32 35 383.31 3
33 35 346.90 4
34 35 359.68 3
35 35 354.24 5
36 35 374.77 7
37 35 361.59 6
38 35 372.17 7
39 35 357.73 9
40 35 359.98 9
41 35 341.78 2
42 35 327.55 1
43 35 306.95 3
44 35 322.55 3
45 35 310.68 4
46 35 321.53 7
47 35 280.34 8
48 35 316.22 7
49 35 321.97 8
0 36 285.71 3
1 36 288.62 4
2 36 318.57 5
3 36 285.08 6
4 36 324.12 6
5 36 305.39 7
6 36 319.98 8
7 36 311.70 8
8 36 322.51 0
9 36 334.13 2
10 36 359.29 2
11 36 356.41 4
12 36 367.37 4
13 36 348.72 5
14 36 373.06 7
15 36 376.77 6
16 36 342.42 8
17 36 338.93 9
18 36 389.84 0
19 36 395.40 0
20 36 346.10 2
21 36 347.57 2
22 36 371.62 3
23 36 373.74 6
24 36 344.19 6
25 36 401.00 8
26 36 398.40 8
27 36 362.64 9
28 36 385.11 9
29 36 357.03 0
30 36 339.23 1
31 36 386.06 4
32 36 372.37 4
33 36 365.84 6
34 36 367.01 6
35 36 354.24 8
36 36 363.41 9
37 36 344.56 9
38 36 347.86 0
39 36 319.82 1
40 36 318.56 2
41 36 358.38 2
42 36 303.97 4
43 36 317.12 4
44 36 321.35 5
45 36 321.18 7
46 36 283.43 7
47 36 316.66 0
48 36 314.20 9
49 36 263.01 0
0 37 245.95 4
1 37 284.41 5
2 37 271.83 5
3 37 274.58 8
4 37 270.20 8
5 37 332.45 8
6 37 301.56 1
7 37 342.90 2
8 37 307.42 1
9 37 318.31 3
10 37 344.60 4
11 37 358.36 4
12 37 306.88 7
13 37 343.05 8
14 37 333.54 9
15 37 334.49 9
16 37 377.74 1
17 37 362.09 2
18 37 367.99 2
19 37 346.50 2
20 37 371.66 3
21 37 337.41 6
22 37 337.01 5
23 37 354.74 6
24 37 357.72 7
25 37 350.54 0
26 37 369.12 1
27 37 361.59 1
28 37 340.78 1
29 37 360.07 3
30 37 366.80 3
31 37 382.83 5
32 37 333.74 6
33 37 355.76 8
34 37 373.37 9
35 37 335.33 8
36 37 353.24 0
37 37 328.80 1
38 37 303.42 2
39 37 319.57 3
40 37 346.49 3
41 37 302.27 5
42 37 328.87 6
43 37 327.40 7
44 37 283.59 9
45 37 326.34 9
46 37 305.98 0
47 37 264.58 2
48 37 285.82 1
49 37 255.95 3
0 38 292.85 7
1 38 299.08 6
2 38 302.02 9
3 38 297.34 8
4 38 258.11 1
5 38 318.10 1
6 38 279.04 2
7 38 316.24 2
8 38 290.42 4
9 38 300.44 5
10 38 289.96 6
11 38 341.60 7
12 38 325.01 9
13 38 326.75 8
14 38 349.71 9
15 38 321.02 2
16 38 358.05 2
17 38 317.89 4
18 38 366.15 4
19 38 325.20 6
20 38 354.67 5
21 38 324.39 7
22 38 347.74 7
23 38 354.72 9
24 38 353.96 1
25 38 345.26 1
26 38 356.46 2
27 38 376.62 2
28 38 339.62 5
29 38 350.50 5
30 38 324.21 5
31 38 321.36 7
32 38 363.14 7
33 38 329.44 8
34 38 321.62 0
35 38 340.42 1
36 38 301.86 2
37 38 327.15 2
38 38 322.36 5
39 38 298.42 4
40 38 319.00 5
41 38 311.09 7
42 38 323.23 9
43 38 316.54 9
44 38 304.36 1
45 38 279.46 2
46 38 286.78 1
47 38 246.80 4
48 38 256.77 4
49 38 258.27 4
0 39 229.69 7
1 39 259.96 8
2 39 283.49 1
3 39 278.42 2
4 39 298.00 3
5 39 285.72 2
6 39 282.89 3
7 39 269.81 4
8 39 322.97 6
9 39 292.96 8
10 39 298.08 8
11 39 333.72 0
12 39 315.47 0
13 39 297.91 1
14 39 292.52 1
15 39 307.08 4
16 39 304.95 3
17 39 317.24 4
18 39 308.70 5
19 39 328.18 6
20 39 308.86 8
21 39 350.85 8
22 39 318.10 9
23 39 354.51 2
24 39 342.82 2
25 39 314.37 3
26 39 309.53 4
27 39 346.38 4
28 39 352.35 7
29 39 316.52 6
30 39 313.78 8
31 39 302.64 8
32 39 349.54 0
33 39 353.34 1
34 39 314.87 3
35 39 337.64 4
36 39 302.08 5
37 39 288.18 6
38 39 326.13 7
39 39 289.34 6
40 39 329.92 7
41 39 321.66 0
42 39 263.08 1
43 39 263.77 0
44 39 307.88 3
45 39 275.72 4
46 39 276.98 4
47 39 276.20 4
48 39 240.61 6
49 39 282.42 7
0 40 226.31 9
1 40 244.02 1
2 40 232.89 1
3 40 262.38 3
4 40 282.44 5
5 40 259.31 6
6 40 249.54 6
7 40 281.60 7
8 40 273.63 9
9 40 305.19 0
10 40 323.76 0
11 40 282.66 1
12 40 290.21 2
13 40 287.51 2
14 40 333.01 4
15 40 338.55 5
16 40 295.57 7
17 40 316.63 6
18 40 312.96 9
19 40 330.45 8
20 40 299.57 0
21 40 317.63 2
22 40 353.13 3
23 40 350.59 2
24 40 299.25 3
25 40 315.69 6
26 40 345.71 6
27 40 301.85 7
28 40 337.10 8
29 40 338.30 0
30 40 326.56 1
31 40 345.77 1
32 40 315.69 3
33 40 341.82 3
34 40 312.89 3
35 40 325.41 4
36 40 283.51 6
37 40 302.61 8
38 40 325.65 7
39 40 271.16 8
40 40 310.84 0
41 40 297.30 0
42 40 274.93 3
43 40 266.72 3
44 40 279.33 3
45 40 282.32 6
46 40 276.29 6
47 40 273.04 6
48 40 237.18 8
49 40 242.87 9
0 41 235.85 3
1 41 242.10 2
2 41 274.55 3
3 41 243.73 5
4 41 277.29 6
5 41 258.90 6
6 41 246.92 9
7 41 292.70 9
8 41 298.71 9
9 41 279.43 0
10 41 272.76 2
11 41 287.10 2
12 41 295.57 4
13 41 304.37 6
14 41 300.21 6
15 41 299.21 6
16 41 303.60 8
17 41 291.27 0
18 41 335.72 1
19 41 319.77 1
20 41 299.85 1
21 41 317.20 2
22 41 332.85 4
23 41 331.79 6
24 41 285.12 7
25 41 303.98 6
26 41 308.90 8
27 41 307.35 8
28 41 321.45 9
29 41 294.70 1
30 41 314.74 3
31 41 281.40 3
32 41 282.34 3
33 41 274.38 5
34 41 272.90 7
35 41 319.64 8
36 41 295.65 8
37 41 277.43 0
38 41 286.03 9
39 41 313.16 1
40 41 284.16 2
41 41 279.98 3
42 41 247.09 5
43 41 248.67 5
44 41 261.49 7
45 41 246.49 8
46 41 238.69 8
47 41 227.21 0
48 41 260.14 9
49 41 253.73 2
0 42 205.93 4
1 42 201.83 6
2 42 228.80 5
3 42 247.65 6
4 42 258.55 9
5 42 226.27 9
6 42 241.88 1
7 42 278.22 1
8 42 260.23 2
9 42 286.56 4
10 42 292.24 5
11 42 294.81 5
12 42 289.88 6
13 42 265.34 7
14 42 271.42 9
15 42 286.28 0
16 42 272.41 9
17 42 301.46 2
18 42 317.51 3
19 42 297.37 4
20 42 326.55 5
21 42 326.24 5
22 42 327.02 7
23 42 319.89 7
24 42 327.72 9
25 42 309.25 0
26 42 283.40 0
27 42 279.66 0
28 42 314.73 2
29 42 319.47 3
30 42 286.54 3
31 42 303.78 5
32 42 279.81 6
33 42 300.34 7
34 42 300.30 7
35 42 280.69 8
36 42 262.33 9
37 42 264.81 1
38 42 274.42 3
39 42 302.29 3
40 42 277.64 3
41 42 246.72 5
42 42 238.34 6
43 42 272.86 7
44 42 260.11 7
45 42 254.14 8
46 42 268.01 0
47 42 251.61 0
48 42 250.55 1
49 42 211.92 3
0 43 234.84 6
1 43 242.40 8
2 43 233.63 7
3 43 223.41 0
4 43 255.36 9
5 43 216.52 2
6 43 244.61 1
7 43 250.50 4
8 43 280.52 5
9 43 242.79 4
10 43 245.87 5
11 43 281.65 7
12 43 258.45 9
13 43 286.12 0
14 43 289.46 0
15 43 260.59 0
16 43 260.45 2
17 43 278.48 3
18 43 305.79 3
19 43 285.08 5
20 43 299.00 5
21 43 277.11 7
22 43 287.44 7
23 43 317.30 8
24 43 281.56 1
25 43 281.84 1
26 43 260.77 3
27 43 261.04 4
28 43 297.86 3
29 43 298.47 6
30 43 270.04 7
31 43 277.10 8
32 43 309.62 8
33 43 304.13 0
34 43 254.83 9
35 43 296.28 1
36 43 242.35 2
37 43 294.34 3
38 43 253.31 3
39 43 249.43 4
40 43 282.63 7
41 43 242.57 8
42 43 243.56 7
43 43 231.04 8
44 43 259.19 0
45 43 233.06 1
46 43 255.18 2
47 43 237.23 2
48 43 238.06 5
49 43 198.47 4
0 44 193.58 9
1 44 221.91 0
2 44 227.92 0
3 44 230.67 0
4 44 232.55 1
5 44 236.78 4
6 44 211.84 4
7 44 220.18 5
8 44 231.27 5
9 44 223.15 6
10 44 251.31 9
11 44 269.72 0
12 44 268.43 0
13 44 257.50 2
14 44 241.30 1
15 44 277.16 3
16 44 286.27 3
17 44 245.48 5
18 44 253.19 6
19 44 300.57 8
20 44 258.69 7
21 44 301.68 0
22 44 283.82 9
23 44 302.05 1
24 44 259.81 3
25 44 299.02 2
26 44 271.71 4
27 44 283.13 4
28 44 251.64 6
29 44 255.43 8
30 44 250.92 9
31 44 273.83 9
32 44 290.05 0
33 44 245.41 2
34 44 248.11 2
35 44 250.57 3
36 44 253.33 4
37 44 278.67 6
38 44 236.86 6
39 44 263.93 6
40 44 241.60 8
41 44 259.99 8
42 44 225.58 0
43 44 217.81 1
44 44 253.41 2
45 44 229.04 4
46 44 216.45 3
47 44 211.78 5
48 44 236.62 6
49 44 213.68 8
0 45 185.09 0
1 45 211.83 1
2 45 177.44 3
3 45 181.80 3
4 45 239.15 4
5 45 242.60 6
6 45 249.08 7
7 45 239.70 6
8 45 201.64 9
9 45 242.48 9
10 45 267.70 1
11 45 234.83 2
12 45 218.33 1
13 45 234.54 4
14 45 251.31 4
15 45 276.99 4
16 45 232.02 7
17 45 260.54 6
18 45 246.16 8
19 45 234.76 8
20 45 263.37 0
21 45 279.34 1
22 45 252.23 2
23 45 272.56 3
24 45 267.07 4
25 45 289.61 5
26 45 280.00 6
27 45 281.08 6
28 45 267.81 9
29 45 271.62 9
30 45 235.30 9
31 45 233.81 0
32 45 230.87 2
33 45 236.45 3
34 45 250.50 4
35 45 224.19 5
36 45 278.25 7
37 45 244.98 7
38 45 219.32 9
39 45 261.06 8
40 45 226.27 9
41 45 253.41 0
42 45 247.23 3
43 45 223.25 3
44 45 221.90 5
45 45 218.43 6
46 45 238.15 5
47 45 204.62 8
48 45 178.50 7
49 45 176.85 9
0 46 192.25 2
1 46 158.68 4
2 46 221.31 3
3 46 191.19 6
4 46 228.22 5
5 46 227.42 6
6 46 183.46 8
7 46 235.90 0
8 46 218.96 1
9 46 251.38 2
10 46 237.22 2
11 46 259.38 4
12 46 241.77 4
13 46 226.91 6
14 46 270.17 7
15 46 220.46 6
16 46 263.07 8
17 46 236.40 8
18 46 263.42 1
19 46 277.44 1
20 46 227.16 2
21 46 233.32 3
22 46 228.76 3
23 46 233.70 5
24 46 241.28 7
25 46 233.43 7
26 46 253.38 8
27 46 267.56 9
28 46 276.86 1
29 46 229.49 2
30 46 226.10 2
31 46 249.55 3
32 46 243.74 4
33 46 243.56 6
34 46 248.72 5
35 46 255.57 7
36 46 244.25 8
37 46 242.27 8
38 46 203.62 0
39 46 256.14 2
40 46 207.52 3
41 46 232.99 3
42 46 217.69 5
43 46 213.21 5
44 46 205.30 5
45 46 226.90 7
46 46 185.57 7
47 46 203.48 9
48 46 207.61 1
49 46 177.30 2
0 47 144.00 3
1 47 201.57 6
2 47 158.20 6
3 47 181.56 7
4 47 201.27 9
5 47 215.03 9
6 47 186.00 9
7 47 221.07 0
8 47 185.82 3
9 47 210.58 2
10 47 236.99 3
11 47 194.80 6
12 47 210.83 7
13 47 239.35 8
14 47 225.60 8
15 47 221.55 8
16 47 215.97 9
17 47 250.12 2
18 47 222.60 3
19 47 214.93 4
20 47 210.88 4
21 47 217.81 4
22 47 250.91 6
23 47 253.58 8
24 47 270.27 9
25 47 255.88 9
26 47 249.18 1
27 47 233.21 2
28 47 268.60 3
29 47 233.50 3
30 47 213.80 3
31 47 207.88 4
32 47 254.25 7
33 47 261.54 6
34 47 213.63 9
35 47 207.31 8
36 47 222.05 1
37 47 244.46 2
38 47 201.26 2
39 47 232.60 2
40 47 211.25 3
41 47 185.97 4
42 47 219.28 6
43 47 228.54 7
44 47 167.44 8
45 47 196.73 8
46 47 174.47 0
47 47 154.80 0
48 47 152.69 3
49 47 167.04 3
0 48 181.51 7
1 48 170.62 8
2 48 174.28 8
3 48 148.19 9
4 48 179.89 1
5 48 198.76 2
6 48 213.96 2
7 48 177.73 2
8 48 199.48 4
9 48 206.11 6
10 48 178.88 7
11 48 203.42 7
12 48 188.51 9
13 48 240.71 9
14 48 213.92 0
15 48 190.69 1
16 48 235.20 2
17 48 214.21 2
18 48 225.75 5
19 48 251.30 5
20 48 253.29 7
21 48 238.39 6
22 48 252.71 9
23 48 242.89 9
24 48 250.44 1
25 48 239.61 1
26 48 247.97 1
27 48 237.03 3
28 48 240.42 3
29 48 238.01 4
30 48 207.16 5
31 48 231.63 6
32 48 241.19 8
33 48 209.85 8
34 48 222.85 9
35 48 208.55 1
36 48 205.79 1
37 48 191.98 4
38 48 180.31 3
39 48 195.33 4
40 48 208.58 5
41 48 201.50 7
42 48 179.29 8
43 48 206.74 8
44 48 201.49 1
45 48 166.77 0
46 48 197.17 3
47 48 177.28 2
48 48 178.28 4
49 48 178.53 4
0 49 178.48 9
1 49 161.80 8
2 49 179.68 9
3 49 165.56 0
4 49 177.59 1
5 49 198.94 2
6 49 192.27 5
7 49 179.15 6
8 49 186.45 5
9 49 169.49 7
10 49 183.78 7
11 49 174.34 8
12 49 196.35 0
13 49 218.98 0
14 49 190.14 2
15 49 198.28 4
16 49 190.22 4
17 49 204.20 5
18 49 205.17 7
19 49 199.70 8
20 49 211.48 7
21 49 195.42 9
22 49 212.67 0
23 49 242.23 2
24 49 236.27 2
25 49 245.22 3
26 49 197.09 3
27 49 230.92 6
28 49 243.76 5
29 49 206.47 7
30 49 243.89 7
31 49 209.57 9
32 49 227.40 1
33 49 235.29 0
34 49 231.95 1
35 49 234.09 4
36 49 220.77 5
37 49 228.36 5
38 49 191.08 7
39 49 205.75 7
40 49 203.52 8
41 49 211.10 8
42 49 202.28 1
43 49 185.19 0
44 49 186.29 2
45 49 178.43 4
46 49 172.58 5
47 49 169.38 6
48 49 145.93 7
49 49 144.27 6
1 27 22 275 42 16 6 28 7
2 17 24 174 178 34 15 42 34
3 21 0 56 76 19 1 25 13
4 22 21 152 497 47 36 49 47
5 34 17 273 456 22 7 30 8
6 19 34 398 585 5 3 10 30
7 32 18 228 2186 16 12 32 14
8 14 19 225 116 9 8 41 39
9 23 20 360 64 24 11 26 11
10 18 19 61 685 19 11 28 13
11 24 26 73 22 19 18 47 31
12 30 37 1 21 20 10 31 13
13 11 27 310 621 42 9 49 29
14 34 31 319 554 24 8 31 9
15 33 15 292 89 23 2 32 5
16 35 22 387 1967 17 0 32 3
17 19 16 9 743 16 12 29 12
18 5 26 174 145 20 3 25 4
19 18 23 93 464 43 3 44 42
20 30 23 365 1598 22 10 30 12
21 13 36 61 1290 37 31 40 47
22 25 16 58 114 24 7 30 7
23 22 46 345 42 18 2 31 15
24 21 20 72 72 18 14 32 14
25 34 25 317 10 17 8 28 14
26 41 24 108 21 16 9 25 9
27 21 27 71 120 16 10 29 15
28 24 38 231 92 17 0 29 4
29 24 24 243 819 18 15 32 15
30 10 21 332 123 19 11 30 14
31 31 37 356 529 28 14 28 15
32 25 12 363 778 21 15 27 15
33 34 27 360 350 40 7 46 24
34 16 20 282 54 22 4 25 8
35 39 18 267 173 44 34 49 42
36 17 9 1 23 20 26 33 34
37 32 31 253 67 18 14 32 15
38 30 25 41 67 27 15 29 27
39 28 31 320 592 37 40 49 45
40 28 19 242 23 33 4 40 42
41 14 15 320 212 24 44 34 44
42 25 22 226 2050 23 1 25 9
43 40 30 205 2340 24 12 31 15
44 29 8 317 16 19 3 27 4
45 38 26 303 736 16 11 28 14
46 13 26 95 25 18 11 32 13
47 16 19 74 97 24 4 32 4
48 26 40 286 60 40 4 43 25
49 28 33 354 94 36 39 41 43
50 20 27 232 136 24 7 27 14
51 20 20 376 106 22 11 24 11
52 26 25 58 102 24 6 27 10
53 32 40 368 72 24 8 26 9
54 37 26 194 96 19 15 33 38
55 29 13 269 121 4 9 11 17
56 26 19 193 119 15 48 17 48
57 29 19 76 436 32 13 47 18
58 28 10 314 1841 16 15 29 15
59 30 36 269 136 18 6 24 9
60 32 19 120 106 19 2 28 4
61 25 18 265 129 19 14 30 15
62 17 28 254 55 20 11 25 11
63 22 34 279 68 23 1 29 9
64 26 30 168 80 22 8 32 8
65 25 18 177 113 48 30 48 46
66 45 23 203 63 16 14 32 15
67 23 27 96 116 17 0 32 11
68 35 37 156 513 18 12 30 14
69 24 26 16 488 18 6 30 12
70 32 28 243 125 20 5 25 6
71 22 20 352 353 18 6 28 9
72 22 34 232 1861 19 12 30 13
73 29 24 214 361 21 13 28 15
74 22 20 294 138 29 12 37 12
75 34 24 204 486 31 29 45 47
76 28 25 330 86 22 7 30 9
77 35 17 234 34 24 5 27 9
78 32 18 341 65 26 7 43 30
79 28 26 392 52 16 14 24 14
80 36 30 383 112 25 0 26 16
81 38 37 167 128 16 14 27 14
82 18 26 82 252 23 12 32 13
83 37 31 346 55 24 6 32 13
84 19 10 267 36 20 1 31 10
85 39 25 392 394 24 0 30 0
86 22 29 342 997 42 46 44 47
87 34 27 167 63 25 7 38 21
88 26 32 88 2139 18 14 27 14
89 39 31 332 373 17 5 25 9
90 35 22 323 44 19 2 31 7
91 43 27 229 69 24 0 27 3
92 20 37 387 290 20 4 27 10
93 25 27 371 94 19 13 24 15
94 30 12 117 72 24 7 27 13
95 19 24 322 1806 21 4 24 7
96 28 28 281 70 18 9 31 10
97 23 18 90 124 12 30 29 32
98 32 22 193 139 18 15 26 15
99 25 16 42 147 22 12 28 15
100 22 31 287 289 12 12 21 12
101 34 25 371 116 47 24 48 39
102 16 48 36 277 22 13 27 14
103 26 11 178 104 18 7 30 10
104 6 27 185 47 17 8 26 11
105 8 12 82 2378 18 2 30 10
106 39 15 84 459 16 9 30 14
107 10 33 372 736 22 9 48 26
108 24 5 203 322 0 4 6 48
109 17 29 147 533 22 15 27 15
110 20 24 290 210 48 16 48 42
111 7 31 55 450 23 2 28 7
112 30 26 248 212 24 3 24 6
113 24 24 308 78 30 38 40 44
114 18 35 175 102 18 11 24 13
115 25 24 357 45 23 8 32 11
116 17 33 337 58 19 11 24 11
117 38 22 347 112 5 27 27 42
118 41 23 51 349 33 2 49 10
119 21 25 344 129 17 15 25 15
120 25 30 337 179 19 8 30 11
121 22 12 343 697 17 10 25 11
122 37 19 307 1502 18 13 32 13
123 25 29 44 58 7 23 43 27
124 37 8 295 147 18 10 30 12
125 30 6 64 66 24 14 32 15
126 37 40 112 82 24 9 29 13
127 29 24 361 65 18 10 24 11
128 27 19 375 203 49 31 49 43
129 20 39 81 96 17 12 29 15
130 37 30 144 711 22 1 29 14
131 31 22 335 644 22 6 27 9
132 24 23 371 301 18 1 26 2
133 19 32 26 96 22 7 30 7
134 31 30 154 106 42 49 43 49
135 32 15 140 12 23 15 25 15
136 35 26 293 34 11 30 35 43
137 23 29 166 2428 18 12 24 15
138 39 31 275 41 13 11 20 49
139 24 24 228 281 22 8 25 8
140 28 27 152 118 42 15 42 34
141 44 30 150 135 16 6 29 7
142 23 22 18 370 38 13 46 35
143 22 38 216 1322 22 14 30 14
144 36 20 355 794 40 45 43 47
145 13 20 261 49 18 0 30 7
146 28 27 56 94 19 8 29 10
147 29 20 5 1255 23 5 25 13
148 24 17 250 1514 18 38 35 39
149 29 21 384 146 18 4 31 8
150 34 25 79 731 3 40 49 45
151 23 18 311 122 29 18 45 35
152 34 22 367 88 23 13 28 14
153 31 15 39 52 23 15 28 15
154 33 22 260 659 16 12 25 12
155 11 12 381 1670 47 15 48 48
156 24 22 229 144 11 23 15 49
157 30 30 26 105 21 15 42 49
158 34 11 148 368 18 9 27 14
159 7 23 237 24 17 9 29 11
160 31 29 369 35 21 4 25 10
161 31 31 79 631 20 13 29 13
162 18 23 224 45 18 11 24 12
163 30 29 68 18 21 8 31 9
164 15 30 349 112 18 3 26 4
165 26 20 176 70 19 0 30 13
166 18 25 42 306 11 17 26 24
167 42 4 126 131 6 39 38 41
168 31 40 322 285 20 4 27 10
169 30 25 26 69 18 1 31 9
170 22 26 56 509 15 3 35 14
171 27 25 381 436 6 11 33 27
172 32 22 155 43 19 11 32 12
173 21 20 196 1017 23 6 24 9
174 19 6 38 87 48 34 48 38
175 30 26 281 98 28 45 48 45
176 27 23 214 15 20 9 26 9
177 27 24 355 136 16 5 25 12
178 25 16 399 62 22 0 27 14
179 11 24 132 424 22 1 27 9
180 25 27 75 286 24 6 27 14
181 33 33 323 31 35 46 39 47
182 15 31 166 12 14 11 31 27
183 35 23 398 107 16 28 29 35
184 22 30 322 49 18 4 29 11
185 29 27 94 733 22 0 28 9
186 27 29 201 296 21 12 31 12
187 24 20 384 106 23 1 24 3
188 25 28 73 12 6 47 40 48
189 27 22 71 123 19 30 29 34
190 25 35 136 195 20 13 25 13
191 30 25 116 443 18 15 25 15
192 30 24 144 40 23 4 24 6
193 18 28 92 458 20 3 29 7
194 35 18 135 29 9 20 18 24
195 14 33 244 587 17 5 26 25
196 30 24 197 133 18 4 29 14
197 32 21 281 146 21 2 30 11
198 22 15 397 32 24 0 27 11
199 5 17 56 1515 22 14 28 14
200 30 15 215 24 7 24 16 47
201 46 28 190 1017 23 5 31 5
202 27 28 125 1965 26 48 30 48
203 20 25 270 571 28 44 48 44
204 23 29 328 2338 22 12 24 15
205 17 9 283 735 21 5 30 9
206 34 23 64 24 22 2 32 15
207 21 16 334 52 19 6 30 10
208 27 27 308 71 16 2 25 5
209 13 16 158 183 23 15 24 15
210 28 26 158 1530 25 12 41 32
211 25 11 66 567 32 32 35 36
212 39 27 244 84 17 2 25 13
213 25 30 348 51 32 46 48 48
214 20 26 148 120 18 6 27 15
215 8 11 290 13 20 2 32 9
216 31 29 151 522 23 14 26 15
217 48 22 390 45 36 2 43 25
218 30 18 317 525 19 2 29 12
219 17 29 349 2118 21 0 32 4
220 29 19 81 67 17 11 25 14
221 14 27 238 260 25 27 49 33
222 22 26 175 131 17 4 24 11
223 28 29 290 2031 3 27 26 42
224 26 30 11 79 22 4 25 5
225 24 28 364 64 20 1 26 2
226 31 19 385 579 16 13 26 14
227 34 19 5 60 22 10 29 10
228 30 32 75 114 24 4 31 14
229 4 31 49 2327 26 34 48 39
230 20 21 107 13 19 9 24 11
231 8 24 358 115 19 13 32 15
232 32 23 90 51 18 13 28 15
233 22 36 50 36 24 3 30 10
234 24 13 278 1709 24 13 28 13
235 26 34 195 41 17 12 30 12
236 38 19 259 77 18 0 27 13
237 26 25 191 91 18 12 27 13
238 18 19 26 42 24 11 47 36
239 33 19 223 42 18 5 28 10
240 26 28 223 2377 24 2 32 11
241 14 34 66 101 21 6 28 14
242 32 13 193 80 22 3 24 4
243 14 27 54 334 17 6 29 12
244 36 33 211 2081 18 10 30 15
245 37 16 92 18 19 15 29 15
246 32 36 62 173 22 11 27 11
247 26 23 70 42 17 2 27 7
248 21 13 239 141 12 11 28 23
249 18 8 143 751 21 13 31 14
250 12 31 163 119 19 2 29 9
251 26 26 261 145 24 5 25 10
252 20 27 125 2145 22 3 29 3
253 24 26 168 92 35 24 36 33
254 16 18 52 29 18 10 30 12
255 25 27 252 117 17 10 26 14
256 16 32 145 2404 0 18 29 26
257 29 17 273 166 23 9 30 11
258 21 32 40 22 17 3 31 8
259 28 23 114 821 19 7 30 9
260 36 32 188 11 3 2 19 9
261 31 27 135 107 22 14 26 14
262 36 36 385 115 23 7 32 14
263 12 5 164 33 20 11 25 15
264 28 19 331 229 17 6 24 6
265 20 16 197 363 48 48 49 49
266 21 13 258 522 17 6 32 12
267 27 31 84 36 23 7 25 7
268 29 21 14 100 16 11 25 14
269 26 33 220 429 24 13 30 13
270 22 33 304 142 24 3 27 6
271 38 36 294 253 18 12 30 12
272 27 40 354 358 20 0 28 3
273 32 41 318 71 23 5 26 10
274 28 22 6 15 20 5 25 15
275 25 23 180 135 30 2 33 3
276 1 14 116 300 6 47 25 48
277 12 28 279 103 19 10 28 14
278 27 8 305 681 1 26 10 33
279 22 21 254 1982 27 13 38 18
280 32 44 327 791 17 5 32 9
281 31 20 169 80 24 10 32 14
282 35 35 290 83 24 4 31 11
283 20 15 148 87 23 0 28 14
284 31 26 303 11 24 8 24 10
285 20 30 257 49 45 9 47 21
286 8 32 148 100 18 12 30 12
287 39 13 305 92 8 16 20 24
288 20 27 156 1960 29 11 46 35
289 28 9 49 90 19 11 31 14
290 4 29 236 1944 18 4 25 13
291 37 16 297 706 18 48 21 49
292 33 33 236 127 5 17 8 23
293 23 28 148 25 16 6 24 14
294 33 35 253 49 20 15 24 15
295 25 25 309 73 17 14 24 15
296 28 26 207 390 34 39 42 49
297 13 29 63 57 21 6 26 13
298 18 25 51 80 23 13 31 14
299 29 30 61 460 17 11 24 12
300 11 27 141 1124 16 11 27 15
301 22 26 335 96 22 9 28 12
302 39 31 247 56 16 8 32 10
303 21 14 297 113 24 7 26 8
304 20 16 347 70 22 13 30 13
305 30 27 19 533 24 10 26 10
306 22 17 326 408 20 6 27 8
307 15 29 98 849 23 1 27 13
308 25 25 396 28 16 6 31 9
309 16 20 180 45 28 40 41 46
310 32 17 65 270 24 10 32 10
311 28 44 128 50 4 36 38 39
312 36 9 256 149 23 8 31 8
313 33 26 102 45 19 7 24 14
314 43 33 312 19 23 2 30 10
315 20 25 370 872 21 13 29 14
316 19 40 116 913 21 12 32 12
317 22 24 392 587 23 3 31 12
318 32 24 99 70 24 13 27 15
319 25 9 274 13 15 4 18 7
320 28 28 22 72 8 25 46 40
321 18 14 39 136 22 14 49 42
322 20 5 399 72 20 3 29 3
323 20 32 318 290 33 19 40 42
324 20 23 371 390 17 0 25 15
325 28 19 301 31 18 0 31 12
326 23 26 105 146 20 11 24 11
327 36 17 172 65 21 39 44 45
328 34 14 376 109 43 34 45 48
329 13 31 393 540 21 0 26 8
330 31 5 43 85 18 8 24 13
331 24 31 334 41 19 5 28 12
332 16 27 238 1534 16 13 27 13
333 22 23 312 122 20 15 28 15
334 25 30 316 189 16 10 31 10
335 19 23 365 14 19 1 32 10
336 25 28 259 70 19 2 30 12
337 18 28 12 95 41 30 46 39
338 21 21 22 755 21 11 29 12
339 17 32 336 30 14 36 46 46
340 16 22 375 23 16 14 32 15
341 23 40 150 102 19 7 25 14
342 23 7 185 1947 19 7 31 14
343 26 19 64 567 22 9 28 11
344 23 28 215 656 21 14 26 14
345 29 32 391 35 24 0 30 5
346 29 24 271 100 16 9 27 9
347 16 38 172 21 19 13 31 15
348 9 29 148 56 37 5 45 14
349 33 18 189 92 16 3 28 6
350 22 32 288 140 27 20 36 32
351 22 29 73 2304 46 27 47 43
352 21 41 160 1383 20 15 28 15
353 25 30 132 69 22 6 25 14
354 32 13 14 702 21 15 24 15
355 20 29 292 42 18 45 25 45
356 16 28 134 1080 46 22 46 47
357 38 32 372 1120 20 2 31 13
358 18 8 19 143 16 0 24 7
359 30 31 112 305 22 9 31 10
360 30 41 264 10 17 6 32 8
361 37 28 314 99 22 7 28 11
362 20 16 322 133 21 9 25 12
363 32 23 339 476 19 4 30 11
364 33 10 307 447 21 1 30 9
365 25 18 162 118 24 15 28 15
366 16 38 157 320 23 4 29 13
367 5 19 10 491 49 41 49 41
368 17 24 101 111 14 10 32 33
369 22 30 375 170 33 32 36 44
370 25 22 144 403 23 12 30 13
371 32 9 43 1833 48 1 49 1
372 24 14 77 2004 12 20 31 33
373 23 24 140 740 20 2 30 5
374 35 22 247 139 24 12 31 14
375 26 11 231 111 28 30 39 48
376 30 29 73 34 21 7 31 8
377 32 33 242 69 17 13 28 14
378 24 9 18 114 17 48 30 49
379 18 22 333 133 23 13 25 15
380 28 27 6 52 23 13 24 14
381 32 38 249 117 20 13 25 14
382 21 8 138 105 22 9 26 13
383 19 11 365 130 19 5 26 13
384 22 15 162 218 0 44 19 45
385 26 28 234 629 23 7 29 12
386 11 11 140 119 20 12 29 14
387 13 20 103 1112 21 5 28 9
388 21 23 267 94 20 6 31 8
389 31 25 110 2445 22 15 26 15
390 17 40 26 118 19 3 28 6
391 17 22 197 143 23 5 27 15
392 31 13 223 74 16 11 30 12
393 32 26 238 118 16 12 27 14
394 30 37 5 59 20 3 29 8
395 33 20 6 431 18 8 24 12
396 9 9 15 126 17 3 32 3
397 17 33 365 43 23 14 24 14
398 18 40 142 778 21 43 47 49
399 39 14 86 103 18 1 30 2
400 29 38 75 604 21 13 32 13
401 14 12 1 40 23 2 31 3
402 29 22 44 15 0 40 13 45
403 8 29 126 58 47 19 47 20
404 20 29 142 67 17 11 29 29
405 24 33 47 99 33 40 47 42
406 40 28 197 121 20 10 27 15
407 35 22 380 365 17 1 28 15
408 34 33 95 92 18 10 24 15
409 31 29 4 96 23 11 26 13
410 30 33 385 2457 18 15 30 15
411 24 33 172 20 14 6 46 32
412 19 27 295 674 20 6 32 15
413 25 20 170 242 22 14 29 15
414 25 25 75 464 21 13 27 13
415 24 20 284 132 23 12 31 13
416 35 18 237 34 19 12 26 14
417 37 15 373 146 17 7 24 9
418 25 17 174 763 4 14 45 22
419 22 25 154 56 20 12 28 15
420 45 29 215 142 29 22 31 43
421 23 12 207 476 16 14 30 14
422 3 26 205 585 23 11 31 14
423 21 9 186 584 18 4 25 4
424 14 41 302 126 17 1 28 2
425 31 18 25 74 20 8 24 10
426 22 33 228 38 24 12 32 13
427 29 34 64 120 22 44 36 48
428 25 40 375 20 19 4 24 13
429 36 23 51 30 20 12 30 12
430 30 37 369 120 12 16 48 35
431 17 18 124 737 18 5 28 9
432 22 24 204 79 21 13 24 15
433 29 29 306 34 24 7 29 8
434 14 16 311 94 17 0 32 10
435 20 31 227 137 22 8 30 14
436 40 28 40 98 16 9 29 11
437 25 15 239 2079 19 13 30 13
438 25 18 380 700 23 12 25 13
439 25 28 148 560 19 13 27 15
440 22 39 322 91 16 7 30 13
441 15 25 230 112 16 14 29 14
442 23 21 297 115 24 4 27 13
443 2 3 306 15 21 15 26 15
444 26 24 307 140 10 23 39 46
445 28 21 364 85 24 14 27 15
446 25 36 123 138 19 7 26 14
447 24 21 383 2186 16 12 31 12
448 29 4 366 146 28 46 43 46
449 22 33 371 140 17 3 30 4
450 28 30 296 323 19 7 26 14
451 25 28 328 135 48 21 49 30
452 22 18 230 19 9 18 42 19
453 26 32 185 50 20 14 31 15
454 33 37 65 543 21 6 24 15
455 21 35 132 142 22 4 29 13
456 29 19 191 53 30 30 35 42
457 45 26 175 303 23 11 27 14
458 7 29 6 144 47 23 47 44
459 36 27 168 697 34 3 36 31
460 19 22 131 400 17 1 26 10
461 24 31 380 26 8 19 41 20
462 26 31 389 147 3 40 23 41
463 26 28 42 753 17 0 28 13
464 27 21 226 800 17 8 24 14
465 17 19 90 82 19 34 27 41
466 18 35 257 56 19 15 32 15
467 26 27 221 603 16 6 26 7
468 25 19 256 130 20 4 27 9
469 32 36 87 50 16 13 31 15
470 22 44 241 104 19 10 29 13
471 21 35 390 113 18 4 29 11
472 25 23 360 75 19 10 24 13
473 26 17 286 138 20 2 25 5
474 32 36 369 21 24 45 46 48
475 25 49 300 500 19 9 31 9
476 8 28 37 115 9 19 46 37
477 26 28 125 76 20 4 24 5
478 33 15 378 124 13 20 24 34
479 26 32 101 75 24 3 26 13
480 17 29 249 25 32 1 43 37
481 23 25 258 147 19 2 25 11
482 33 30 57 32 17 2 27 14
483 18 10 238 48 23 10 26 13
484 12 22 221 85 18 0 24 7
485 22 29 114 146 21 4 29 7
486 25 19 92 20 34 4 45 24
487 38 11 336 118 14 49 27 49
488 41 27 225 16 21 1 30 8
489 19 27 394 33 32 7 48 17
490 25 20 250 91 21 11 25 14
491 24 29 233 1578 25 22 28 33
492 39 19 222 68 5 41 46 47
493 26 23 140 21 21 0 26 4
494 20 24 240 364 42 23 46 42
495 20 27 88 48 42 23 44 26
496 25 22 104 77 24 10 24 10
497 26 23 73 536 46 10 47 16
498 42 26 47 637 18 14 32 14
499 34 13 0 75 16 3 29 10
500 9 25 292 282 9 42 23 43
501 24 11 144 381 20 14 29 15
502 25 20 216 185 24 3 44 15
503 26 24 324 2427 18 0 29 15
504 17 25 321 113 21 8 31 15
505 29 29 393 57 17 14 32 14
506 21 18 265 119 16 3 26 6
507 40 22 61 505 18 2 32 15
508 30 24 261 66 12 33 34 37
509 15 21 24 68 16 11 26 12
510 29 27 324 305 18 8 27 8
511 44 19 151 117 29 8 39 27
512 31 25 284 777 23 13 24 13
513 34 37 391 72 22 12 30 13
514 25 32 115 561 22 14 27 14
515 18 12 5 144 17 14 27 15
516 29 15 312 499 2 16 26 23
517 18 18 86 134 14 6 47 11
518 36 24 306 656 27 3 40 43
519 36 33 370 140 20 2 29 2
520 37 33 124 594 23 12 31 15
521 28 26 329 40 15 37 38 47
522 22 14 201 600 36 33 49 34
523 39 19 321 16 22 10 24 10
524 22 33 14 74 19 7 29 11
525 22 25 234 51 16 12 29 14
526 25 19 255 147 14 19 34 22
527 28 23 207 57 12 45 28 48
528 16 37 185 92 21 9 28 15
529 20 23 316 242 42 16 48 25
530 22 14 203 85 23 7 29 14
531 27 19 79 656 21 7 27 14
532 21 20 6 133 26 35 43 44
533 26 29 265 109 45 16 47 43
534 12 38 120 44 21 4 32 5
535 39 23 259 36 38 46 41 48
536 22 13 283 425 24 14 31 15
537 22 23 87 1718 24 15 29 15
538 32 28 368 178 31 45 44 46
539 30 24 231 87 16 4 30 12
540 35 23 3 516 23 13 25 15
541 27 29 307 56 17 10 25 10
542 32 29 358 114 17 10 26 11
543 31 29 362 242 18 7 27 12
544 36 23 173 413 24 1 32 11
545 21 28 270 1469 24 2 29 4
546 29 35 93 34 9 23 47 41
547 28 33 395 605 24 3 32 15
548 42 17 55 680 23 6 31 15
549 31 34 172 150 28 42 31 43
550 20 31 122 113 24 3 31 11
551 35 31 269 143 16 9 27 11
552 34 35 149 121 17 15 24 15
553 20 33 199 83 44 33 44 34
554 26 28 300 54 24 0 32 1
555 33 23 180 594 33 32 38 43
556 23 22 109 1180 45 4 47 49
557 26 30 327 540 23 0 28 7
558 15 9 169 68 18 4 24 6
559 15 18 132 89 20 0 30 13
560 28 17 97 12 18 14 24 14
561 21 19 326 650 16 5 29 9
562 37 21 355 82 16 48 22 48
563 11 35 103 137 16 15 24 15
564 29 28 198 27 19 4 31 11
565 23 23 257 365 2 0 38 9
566 13 42 89 207 22 2 28 5
567 27 30 336 601 21 9 32 13
568 30 33 162 2202 16 0 32 5
569 23 17 19 389 24 12 24 12
570 33 13 18 637 41 18 47 42
571 11 29 349 615 22 11 31 12
572 32 34 89 75 23 1 46 28
573 26 20 235 68 8 22 48 28
574 33 21 213 109 19 12 29 13
575 24 19 111 103 35 48 48 49
576 19 30 201 613 18 6 24 9
577 15 39 337 56 1 13 45 37
578 20 22 381 112 21 13 26 14
579 8 28 66 145 2 6 45 10
580 25 25 27 515 22 9 27 15
581 35 29 161 131 22 9 28 9
582 26 20 77 783 16 15 32 15
583 18 8 58 605 24 12 26 15
584 21 28 10 102 37 11 46 39
585 42 11 343 31 4 8 15 47
586 22 32 76 60 20 45 29 45
587 10 43 253 2008 22 8 29 11
588 1 23 12 23 20 14 28 15
589 21 30 388 95 22 0 24 9
590 11 37 194 79 19 13 29 14
591 23 20 177 135 23 2 31 14
592 21 18 260 281 6 4 21 15
593 21 28 121 12 47 39 48 40
594 31 34 235 37 24 6 26 7
595 30 37 46 2421 21 2 24 8
596 20 34 243 136 22 9 31 14
597 17 10 31 30 21 4 28 12
598 20 22 63 341 48 10 48 35
599 17 16 307 65 19 0 27 8
600 24 29 31 1504 3 48 42 49
601 37 31 366 32 19 8 25 13
602 11 29 245 135 21 5 27 5
603 21 17 236 113 17 4 31 6
604 24 16 12 107 40 25 42 36
605 39 26 338 338 24 15 30 15
606 24 30 254 150 21 15 31 15
607 10 31 249 258 19 9 31 10
608 26 44 110 465 19 13 28 15
609 28 28 144 42 17 0 25 14
610 20 29 167 90 17 10 28 14
611 28 12 65 68 39 15 42 46
612 8 18 160 301 23 15 32 15
613 10 14 372 59 17 23 26 47
614 30 27 324 1529 30 9 47 26
615 34 22 160 58 38 7 47 25
616 23 11 99 73 27 0 49 19
617 24 29 12 2118 5 29 28 33
618 17 27 80 37 29 12 37 41
619 22 35 165 484 19 10 26 15
620 23 26 222 93 24 10 28 14
621 25 22 261 2268 31 4 33 12
622 30 33 365 101 18 2 29 9
623 22 26 213 49 23 14 27 14
624 38 37 133 721 21 1 31 1
625 26 30 78 477 18 9 24 12
626 38 26 212 753 21 0 31 11
627 21 14 188 111 16 9 24 11
628 15 21 81 75 19 12 28 12
629 19 17 228 141 13 7 24 9
630 21 27 105 86 43 37 44 41
631 23 27 320 74 24 0 28 6
632 32 10 105 93 18 15 26 15
633 18 22 341 781 24 1 24 14
634 31 25 0 50 19 6 27 12
635 24 16 143 185 19 16 23 45
636 40 17 104 17 30 0 35 7
637 30 28 296 173 30 46 32 47
638 26 33 193 1818 17 5 30 5
639 22 23 32 82 12 1 29 43
640 22 41 120 21 27 44 44 47
641 28 12 380 1545 19 15 31 15
642 12 37 371 505 18 14 29 15
643 25 20 344 148 18 8 25 10
644 21 31 238 52 21 40 37 42
645 16 18 381 45 13 5 38 31
646 43 7 278 1012 20 5 32 8
647 19 11 250 105 18 12 32 13
648 12 18 352 614 21 3 24 10
649 26 27 156 63 23 0 27 0
650 29 25 95 27 23 11 30 14
651 36 25 175 588 17 15 24 15
652 17 25 130 108 49 27 49 49
653 10 16 350 189 48 30 48 38
654 21 24 370 34 19 15 27 15
655 20 34 360 570 22 14 24 14
656 15 24 356 147 24 3 28 14
657 19 24 231 447 18 4 25 5
658 28 34 2 55 2 11 21 25
659 18 35 252 39 22 0 26 14
660 10 25 220 1875 23 34 43 37
661 23 26 223 26 19 12 31 13
662 39 15 61 976 21 11 31 15
663 24 28 336 20 22 4 28 15
664 24 23 30 687 16 9 24 15
665 37 39 245 636 21 5 25 11
666 13 21 36 672 23 2 31 11
667 30 35 211 67 26 48 27 49
668 32 26 202 2175 23 28 35 47
669 28 19 65 140 41 15 43 48
670 21 38 221 31 49 49 49 49
671 19 31 237 97 16 9 29 15
672 34 21 197 45 23 10 31 14
673 13 23 128 83 21 10 29 11
674 17 21 156 115 18 4 27 15
675 21 37 185 62 37 11 45 18
676 22 8 326 96 17 7 29 13
677 18 25 290 75 20 12 25 15
678 30 25 130 150 20 13 32 13
679 22 48 321 131 19 4 25 6
680 35 34 27 943 16 8 32 10
681 29 6 351 730 23 8 29 12
682 19 27 316 100 9 35 10 44
683 22 30 196 51 20 3 31 4
684 25 33 123 327 17 0 23 15
685 20 17 307 69 23 14 30 15
686 35 39 314 428 17 10 30 12
687 34 26 198 105 23 5 30 11
688 26 31 207 69 17 7 24 8
689 10 29 199 15 17 2 30 8
690 24 31 187 311 16 6 32 6
691 32 23 389 50 16 8 24 9
692 18 23 76 81 11 26 25 35
693 26 27 47 55 17 5 30 8
694 46 27 308 253 22 3 32 15
695 11 28 370 57 24 5 29 9
696 23 24 258 52 22 7 26 12
697 18 21 125 73 24 12 25 13
698 34 25 250 148 33 41 47 49
699 18 34 367 74 18 15 26 15
700 26 19 307 39 18 12 30 14
701 19 30 101 300 22 12 28 13
702 36 38 224 129 21 4 31 10
703 31 23 74 85 19 12 31 15
704 31 28 262 640 19 9 27 13
705 38 47 74 25 21 11 32 11
706 17 27 313 82 16 14 25 15
707 15 29 341 139 22 10 30 15
708 21 11 325 351 18 12 28 13
709 31 26 68 116 9 35 36 44
710 24 43 0 188 17 7 25 14
711 29 22 344 620 21 46 40 48
712 37 8 132 94 19 4 32 14
713 19 12 266 72 24 15 30 15
714 20 33 255 23 19 16 44 22
715 29 15 112 306 44 32 48 43
716 17 29 290 316 23 1 29 7
717 17 29 212 529 21 15 31 15
718 17 20 120 52 19 2 30 3
719 37 32 4 33 44 9 49 12
720 30 25 68 101 23 5 24 9
721 23 27 298 880 21 12 26 15
722 33 31 315 777 23 8 31 10
723 16 14 49 440 19 15 26 15
724 18 32 150 117 15 42 34 47
725 27 33 360 751 9 28 15 32
726 26 27 394 71 27 7 40 48
727 18 14 373 63 41 23 41 28
728 19 29 25 2445 22 14 31 15
729 28 8 230 118 22 5 24 9
730 16 29 171 71 17 6 28 8
731 12 32 323 105 23 6 31 9
732 32 35 377 550 37 39 46 42
733 6 33 20 150 17 9 24 11
734 36 26 32 128 38 14 47 34
735 28 19 135 19 42 25 46 33
736 31 25 113 111 24 8 25 14
737 41 26 375 88 42 31 42 49
738 27 36 147 109 19 6 26 6
739 23 21 331 35 20 9 26 14
740 24 29 218 249 18 34 37 36
741 29 27 62 395 20 3 26 15
742 20 26 392 140 20 11 25 11
743 20 31 96 168 39 4 40 14
744 27 28 353 99 18 3 30 15
745 9 23 108 133 47 4 49 18
746 34 8 399 109 19 1 27 1
747 24 25 181 2161 41 26 46 49
748 36 6 237 996 16 4 25 11
749 0 25 371 183 40 15 45 34
750 16 22 19 457 22 12 28 13
751 21 40 38 137 20 0 30 0
752 32 24 364 1081 38 6 47 29
753 42 39 393 56 23 1 27 5
754 19 38 386 150 44 19 48 48
755 18 22 206 580 19 1 28 3
756 43 33 301 1776 19 3 30 7
757 35 41 126 1144 23 15 24 15
758 24 20 377 140 18 8 24 11
759 18 25 220 59 18 8 40 33
760 33 23 296 277 16 0 47 7
761 20 28 129 40 15 45 23 45
762 25 31 23 44 17 36 24 36
763 17 14 356 1019 17 4 26 15
764 22 21 188 142 17 4 27 7
765 20 28 340 135 20 1 30 5
766 34 25 31 127 21 3 30 7
767 29 30 218 145 17 9 29 14
768 25 30 141 79 21 4 31 4
769 27 13 196 140 22 8 25 13
770 12 23 139 89 1 36 5 37
771 25 31 125 145 40 33 47 33
772 25 26 393 97 21 3 26 14
773 20 38 128 354 19 12 25 15
774 12 12 166 1488 21 10 32 13
775 27 45 8 290 24 14 27 15
776 11 22 52 122 14 13 27 36
777 30 28 300 125 5 15 26 22
778 30 28 306 71 20 5 32 15
779 25 11 250 571 6 32 11 39
780 30 21 218 125 22 3 24 13
781 13 19 98 196 12 12 25 20
782 24 27 230 270 46 23 47 43
783 25 10 351 50 24 11 26 11
784 12 22 215 64 18 13 25 13
785 23 20 365 145 37 21 46 49
786 10 29 304 124 17 10 28 12
787 10 13 395 452 16 2 31 15
788 12 17 64 696 7 30 42 42
789 34 19 377 334 21 7 26 7
790 13 24 37 96 23 8 28 13
791 10 20 22 62 21 4 25 13
792 16 28 324 92 20 0 29 1
793 26 10 396 181 22 2 25 13
794 32 44 50 105 24 11 26 13
795 22 27 258 76 16 15 26 15
796 6 26 39 83 24 12 29 15
797 33 27 13 900 20 12 27 14
798 22 22 370 113 23 13 27 13
799 27 15 164 467 36 46 42 46
800 22 24 240 1225 16 11 31 11
801 27 10 269 424 7 16 32 49
802 32 32 270 414 41 35 43 42
803 5 25 264 58 23 8 30 11
804 26 27 356 53 20 9 30 10
805 41 27 387 145 23 8 28 9
806 22 25 199 109 19 1 28 3
807 20 28 345 57 24 15 25 15
808 19 38 148 145 24 3 27 8
809 25 37 265 94 8 39 37 39
810 21 18 148 448 21 11 27 12
811 28 19 161 377 6 6 11 44
812 16 27 63 60 23 15 27 15
813 32 33 115 1632 46 5 46 44
814 25 15 167 662 49 0 49 11
815 25 26 15 116 22 0 32 7
816 22 18 326 440 38 46 39 49
817 39 16 348 98 24 9 25 13
818 28 26 269 37 21 12 27 15
819 23 26 71 53 10 38 23 47
820 21 24 231 29 24 4 28 12
821 5 20 21 96 18 13 30 15
822 37 28 59 14 12 33 15 39
823 19 31 311 2362 22 2 31 7
824 30 22 89 498 18 5 32 11
825 16 20 248 46 16 9 28 14
826 29 24 155 690 49 21 49 30
827 26 41 281 114 21 3 29 3
828 31 29 353 22 23 9 28 13
829 25 26 231 52 18 9 30 15
830 14 21 307 126 16 4 28 12
831 27 14 326 488 20 9 24 13
832 8 9 99 37 21 4 28 10
833 16 31 28 131 23 13 31 13
834 21 20 110 68 21 11 29 12
835 33 18 336 82 22 42 35 43
836 42 22 289 150 9 37 34 49
837 17 34 222 713 18 13 29 15
838 39 31 7 35 22 10 27 14
839 15 41 61 423 22 9 27 15
840 13 24 20 52 21 0 24 13
841 10 14 199 912 18 6 32 7
842 29 27 313 16 23 1 30 10
843 22 22 322 92 18 6 26 15
844 36 21 321 66 20 15 24 15
845 18 27 83 1719 46 48 49 49
846 19 15 176 2435 17 12 31 12
847 35 23 308 2392 18 8 32 9
848 30 23 232 90 22 11 27 14
849 33 31 40 318 23 0 26 12
850 35 34 121 91 17 11 32 14
851 29 29 38 88 24 10 26 10
852 30 31 261 2474 20 1 28 4
853 12 28 52 46 47 42 48 44
854 27 23 82 147 6 12 46 28
855 2 22 87 135 43 28 47 35
856 25 8 118 39 11 43 45 45
857 18 29 293 15 16 12 30 12
858 12 28 206 113 22 11 24 11
859 21 28 337 794 22 12 25 14
860 32 25 229 113 23 5 32 6
861 29 24 290 20 16 7 28 13
862 17 17 279 42 2 2 23 40
863 22 19 277 74 20 9 26 13
864 17 36 262 236 17 14 32 14
865 21 16 182 707 18 6 31 14
866 26 12 13 107 39 46 40 49
867 14 25 196 121 22 10 26 14
868 16 20 383 2117 16 12 24 13
869 18 11 188 1351 42 48 47 49
870 16 32 351 277 16 10 26 12
871 24 30 268 60 20 7 26 9
872 19 12 137 66 12 36 46 37
873 22 29 40 57 19 5 31 10
874 8 39 87 66 19 7 25 15
875 35 33 189 135 18 10 32 10
876 14 16 395 67 20 2 25 15
877 32 31 247 491 20 2 24 15
878 19 31 45 93 12 13 18 24
879 13 37 214 144 18 10 31 10
880 36 26 76 37 23 11 24 12
881 13 28 62 25 22 0 31 8
882 21 29 263 99 22 13 29 14
883 31 27 395 125 20 5 28 7
884 17 25 172 81 19 11 30 13
885 28 9 147 779 5 27 49 37
886 44 28 3 464 21 2 27 5
887 36 37 59 27 19 15 29 15
888 13 23 217 252 20 12 32 15
889 1 10 251 66 17 13 28 13
890 24 20 263 104 23 6 32 8
891 21 10 54 214 22 9 24 13
892 31 29 4 116 22 14 27 15
893 29 25 241 126 22 15 29 15
894 19 37 185 288 24 4 29 13
895 37 33 342 71 25 35 26 48
896 28 33 61 618 21 6 31 15
897 12 6 14 740 39 47 42 48
898 40 10 375 29 21 4 32 7
899 30 20 186 741 34 20 40 37
900 31 22 62 136 18 7 28 7
901 19 22 129 137 23 14 26 15
902 35 25 225 913 17 15 32 15
903 27 37 167 142 22 3 24 5
904 27 16 371 54 24 15 28 15
905 15 23 291 105 19 7 26 15
906 22 26 384 20 20 7 28 13
907 15 12 293 98 10 46 23 46
908 29 25 295 99 23 6 28 13
909 22 41 261 60 36 30 42 32
910 27 35 47 557 22 3 26 6
911 34 38 358 45 23 3 25 9
912 21 27 92 2064 28 46 32 48
913 14 8 389 787 13 18 15 30
914 18 28 274 1166 20 3 32 5
915 25 18 51 846 43 40 46 48
916 29 30 4 44 20 4 30 4
917 30 15 358 99 4 0 45 13
918 22 14 176 137 49 14 49 43
919 29 29 217 148 20 6 26 6
920 24 28 380 643 27 23 30 42
921 28 30 253 784 23 13 30 15
922 30 25 64 37 20 0 26 7
923 19 9 16 780 18 14 31 15
924 12 31 318 1706 19 9 29 12
925 36 8 128 407 24 1 25 9
926 28 26 263 572 23 12 31 14
927 25 21 82 163 19 3 31 5
928 10 15 55 128 16 13 24 14
929 27 26 364 198 18 33 41 41
930 19 25 205 16 18 11 26 15
931 32 15 228 74 21 0 25 10
932 28 36 397 122 27 27 39 31
933 34 30 268 636 24 12 28 15
934 18 28 169 219 3 37 31 44
935 22 21 129 2333 21 2 32 15
936 21 11 362 153 23 5 29 5
937 24 36 19 762 25 33 44 48
938 17 15 101 40 24 35 43 46
939 22 33 195 646 24 15 31 15
940 25 40 390 677 20 14 25 14
941 39 31 135 45 17 14 24 14
942 31 30 81 76 16 7 25 12
943 19 12 292 124 7 28 12 28
944 23 14 320 670 23 12 32 14
945 23 29 388 101 21 11 31 14
946 34 20 31 197 19 2 31 15
947 33 11 194 562 23 15 26 15
948 27 14 216 128 25 42 43 49
949 23 22 22 270 23 3 30 8
950 16 29 282 440 16 7 32 12
951 23 17 398 111 24 9 30 15
952 18 19 127 119 17 9 32 10
953 26 25 287 50 22 48 40 48
954 28 17 277 737 49 17 49 42
955 15 22 314 1692 20 15 30 15
956 38 24 227 172 23 9 25 9
957 28 40 300 73 22 13 27 13
958 26 34 208 73 20 3 29 9
959 17 38 11 81 31 16 35 23
960 18 19 332 1195 20 13 24 14
961 30 17 379 26 8 38 24 46
962 15 20 21 10 29 9 46 15
963 23 33 211 67 39 25 41 45
964 20 29 216 73 18 14 32 15
965 32 21 159 93 20 1 29 2
966 28 28 306 639 15 44 39 44
967 23 27 40 68 34 13 46 39
968 21 32 363 743 19 12 24 15
969 26 25 335 44 20 1 26 5
970 49 10 349 121 18 10 24 13
971 24 26 159 135 21 1 38 37
972 5 31 393 668 1 8 28 23
973 29 18 207 57 21 18 43 21
974 34 32 309 204 18 5 26 6
975 28 31 390 132 17 12 28 13
976 25 13 199 961 23 11 25 15
977 27 19 264 11 34 6 34 36
978 4 12 246 42 23 11 26 14
979 41 17 139 114 10 4 37 13
980 22 6 27 640 18 12 29 12
981 17 26 325 141 22 7 25 15
982 22 30 385 182 18 9 28 14
983 16 33 173 29 21 14 26 15
984 26 13 377 31 18 7 27 11
985 17 15 85 718 22 15 25 15
986 22 13 31 546 2 21 18 43
987 23 23 311 93 32 17 36 31
988 22 30 156 2233 47 32 47 34
989 23 16 242 27 22 17 27 33
990 24 37 184 146 16 2 29 9
991 20 21 360 478 23 14 26 15
992 34 15 318 145 22 9 24 11
993 12 26 245 45 21 2 24 15
994 23 13 382 54 21 7 32 14
995 28 30 290 265 42 1 49 26
996 29 22 290 677 45 35 49 49
997 26 29 22 385 24 2 24 13
998 15 23 194 140 38 35 48 49
999 28 15 197 85 18 9 25 9
1000 30 21 283 72 23 1 32 13
1001 16 25 384 45 20 10 30 15
1002 25 22 101 127 25 0 30 23
1003 27 18 168 122 21 44 21 44
1004 4 33 342 225 18 9 29 15
1005 28 26 115 607 23 8 30 15
1006 36 28 188 120 21 4 28 10
1007 14 22 318 127 33 34 40 47
1008 15 21 325 134 4 1 27 24
1009 27 16 185 615 1 38 45 41
1010 38 39 67 101 16 5 32 11
1011 47 27 283 104 4 23 33 33
1012 2 23 60 33 22 9 31 12
1013 13 16 49 47 18 13 26 14
1014 27 29 244 125 20 8 29 10
1015 33 31 348 21 16 0 26 4
1016 36 36 254 14 3 40 7 46
1017 27 37 175 127 22 15 28 15
1018 6 24 312 81 23 5 31 7
1019 20 12 123 1659 16 0 29 15
1020 38 30 287 25 19 5 24 12
1021 28 22 336 1180 24 7 29 14
1022 35 28 102 1746 18 0 29 0
1023 31 23 358 139 20 10 32 15
1024 20 39 72 115 21 11 30 12
1025 19 21 241 32 46 30 47 36
1026 30 10 42 28 19 4 24 9
1027 26 12 206 629 13 28 36 36
1028 7 22 123 117 18 13 28 13
1029 24 15 301 74 34 35 40 39
1030 32 23 116 86 22 1 32 6
1031 20 32 227 110 19 2 29 7
1032 29 23 289 18 19 3 29 3
1033 12 25 374 2028 21 2 25 3
1034 15 27 198 2206 19 14 28 15
1035 37 29 86 104 20 17 46 22
1036 12 0 42 471 36 3 41 3
1037 29 32 358 263 22 8 29 15
1038 17 16 16 654 17 4 27 11
1039 22 23 181 103 21 1 25 1
1040 31 24 346 13 23 8 24 13
1041 26 26 109 82 16 3 28 6
1042 32 24 315 708 21 10 29 11
1043 32 27 17 1797 24 12 24 15
1044 42 18 280 1919 17 8 31 8
1045 28 7 245 42 13 36 25 49
1046 22 35 191 552 18 10 26 12
1047 29 25 178 367 20 8 28 33
1048 26 28 275 57 22 7 27 11
1049 23 28 7 190 18 11 24 12
1050 39 25 276 74 22 2 25 8
1051 20 28 69 492 29 48 39 49
1052 20 34 95 2015 49 19 49 24
1053 20 28 123 55 44 29 45 40
1054 21 29 130 16 22 14 24 14
1055 31 29 82 11 18 3 26 13
1056 28 12 87 1874 33 46 48 46
1057 20 15 222 597 19 2 29 13
1058 18 21 383 52 6 35 30 43
1059 27 25 395 697 44 13 48 17
1060 17 22 79 54 17 19 38 46
1061 28 26 263 132 24 6 26 15
1062 23 29 117 25 20 15 28 15
1063 17 13 383 26 19 0 27 4
1064 23 11 65 1225 17 14 26 22
1065 31 31 183 255 21 4 24 12
1066 31 29 24 10 24 7 29 14
1067 17 27 299 1900 23 5 24 14
1068 35 31 351 455 24 6 26 7
1069 26 24 126 80 18 5 30 7
1070 11 18 103 13 19 11 30 14
1071 34 9 235 20 18 2 26 11
1072 16 24 185 1990 20 1 28 8
1073 33 23 100 58 36 22 42 22
1074 21 35 85 322 18 2 25 6
1075 31 23 210 97 35 20 46 28
1076 23 21 263 20 17 13 25 13
1077 16 14 364 2030 18 7 28 10
1078 10 19 68 82 11 42 34 42
1079 20 29 125 185 15 5 19 28
1080 30 16 207 2272 17 8 30 15
1081 20 33 300 78 40 12 45 35
1082 33 23 288 110 16 2 30 8
1083 26 31 40 172 24 9 29 13
1084 31 28 389 530 18 14 28 14
1085 39 37 6 44 23 5 28 11
1086 35 35 26 149 21 13 26 13
1087 22 31 158 125 21 7 31 8
1088 37 21 9 2122 23 11 31 12
1089 27 28 188 81 21 8 29 10
1090 8 32 235 137 17 5 27 15
1091 36 19 354 47 17 14 31 14
1092 17 21 165 153 24 11 24 12
1093 32 7 32 1552 16 1 24 1
1094 33 20 349 466 17 3 27 9
1095 31 26 293 372 33 31 35 36
1096 29 21 101 49 18 0 26 5
1097 14 19 248 105 22 42 48 45
1098 28 22 77 123 21 5 32 5
1099 21 40 353 66 14 14 22 41
1100 16 29 17 200 17 5 24 11
1101 13 15 61 61 23 15 24 15
1102 27 28 330 66 35 35 45 45
1103 37 21 252 121 48 34 49 42
1104 26 15 166 298 21 4 26 6
1105 33 20 324 74 22 42 39 44
1106 22 12 350 512 18 10 26 11
1107 23 26 199 132 15 41 19 42
1108 18 23 350 391 19 9 27 15
1109 32 32 76 2151 18 12 26 12
1110 18 24 204 131 18 10 25 15
1111 23 34 185 54 42 23 43 25
1112 13 30 36 2369 21 27 31 35
1113 44 27 46 64 17 15 32 15
1114 25 22 0 322 22 2 24 11
1115 31 17 69 464 21 13 27 15
1116 16 30 331 685 23 13 26 14
1117 29 21 308 598 24 10 31 15
1118 15 20 318 100 21 6 28 7
1119 15 17 195 674 19 7 26 8
1120 28 28 300 848 31 17 43 35
1121 16 21 145 10 16 12 31 14
1122 20 36 222 608 20 13 25 13
1123 19 30 353 488 18 11 27 13
1124 22 16 19 79 22 14 31 14
1125 34 32 332 107 21 11 24 15
1126 23 25 188 314 21 9 30 10
1127 41 23 314 95 19 13 28 15
1128 18 27 169 84 19 16 41 20
1129 26 18 62 72 15 17 31 45
1130 22 35 138 688 42 9 44 23
1131 32 27 215 65 42 6 46 21
1132 36 43 389 327 17 15 24 15
1133 19 40 178 115 17 4 26 4
1134 25 27 142 107 9 14 48 17
1135 27 20 377 267 17 12 29 14
1136 13 22 97 130 35 5 41 41
1137 9 12 133 58 19 12 30 13
1138 30 28 277 359 22 13 27 13
1139 37 19 17 618 20 6 30 7
1140 31 25 230 111 34 2 34 37
1141 31 0 333 46 20 1 30 3
1142 34 17 331 83 20 1 27 5
1143 26 32 79 103 10 35 20 44
1144 33 22 173 50 22 4 32 13
1145 25 23 8 37 24 0 27 7
1146 27 33 225 2217 18 11 31 11
1147 16 28 397 90 24 8 26 13
1148 25 28 88 76 10 1 25 14
1149 22 43 67 1906 23 2 24 9
1150 20 4 338 532 18 14 28 14
1151 29 16 325 76 22 1 28 7
1152 18 33 274 130 19 2 32 4
1153 31 34 299 110 18 32 34 36
1154 34 21 321 29 6 5 14 10
1155 29 24 234 504 35 47 41 49
1156 42 30 37 646 24 4 27 9
1157 42 38 316 91 48 31 48 34
1158 27 29 252 73 17 5 26 5
1159 20 30 73 478 20 6 30 9
1160 24 24 276 446 17 9 24 13
1161 30 16 306 79 22 11 24 15
1162 19 12 350 90 17 8 31 10
1163 15 32 107 91 20 14 26 15
1164 10 27 81 14 18 2 29 4
1165 26 20 334 50 20 2 25 7
1166 43 15 393 755 18 13 27 13
1167 12 28 78 787 42 2 44 29
1168 19 30 132 714 21 3 27 6
1169 17 13 20 1975 21 2 26 15
1170 21 20 77 2497 23 9 29 13
1171 15 10 364 595 16 12 31 14
1172 28 22 298 147 20 4 28 14
1173 39 25 90 137 16 7 31 12
1174 10 23 198 558 49 38 49 44
1175 24 19 337 121 11 12 15 23
1176 37 26 23 146 23 15 28 15
1177 39 33 228 81 16 5 25 13
1178 23 21 281 1249 27 1 40 48
1179 23 20 1 1512 47 34 47 44
1180 27 32 49 2093 22 7 28 15
1181 33 18 0 51 39 42 41 42
1182 32 28 357 121 14 35 25 49
1183 29 41 312 62 17 2 30 10
1184 22 28 323 113 17 7 25 13
1185 4 18 55 952 16 6 26 9
1186 24 20 344 67 22 2 31 10
1187 12 26 391 113 30 24 45 27
1188 19 17 322 52 16 3 32 13
1189 27 19 38 123 7 32 36 35
1190 18 33 296 148 19 5 31 15
1191 38 26 374 104 18 12 32 13
1192 19 19 48 88 22 10 29 11
1193 15 17 321 86 37 1 46 29
1194 23 34 391 87 17 15 30 15
1195 15 20 304 137 19 12 28 14
1196 33 29 311 38 21 14 28 15
1197 28 38 274 539 16 8 24 12
1198 19 38 85 110 20 7 25 9
1199 27 28 234 1619 24 5 24 9
1200 18 23 266 719 36 12 44 14
1201 21 31 276 131 23 11 32 14
1202 31 24 76 104 3 13 3 15
1203 19 12 389 760 21 11 24 14
1204 22 35 392 148 20 14 30 14
1205 15 24 369 145 18 0 24 3
1206 21 20 190 386 20 8 28 10
1207 9 13 201 118 18 5 29 9
1208 32 22 398 98 18 4 31 9
1209 37 19 94 773 21 9 27 12
1210 26 18 157 148 19 7 29 13
1211 23 28 118 135 8 21 26 44
1212 22 28 359 24 21 4 30 14
1213 26 28 34 70 40 40 42 47
1214 16 25 138 73 16 10 29 14
1215 22 29 342 98 19 12 25 12
1216 32 23 188 24 24 1 32 6
1217 23 28 229 385 40 22 43 46
1218 30 31 270 85 17 11 25 15
1219 20 39 292 767 19 15 27 15
1220 25 29 111 27 21 5 32 11
1221 34 21 259 720 22 15 31 15
1222 40 25 222 90 17 13 28 14
1223 27 19 167 141 16 11 25 14
1224 22 20 142 132 18 12 26 12
1225 30 24 202 75 40 16 46 37
1226 35 28 299 38 16 15 29 15
1227 15 20 119 97 23 13 32 15
1228 7 22 87 141 19 48 38 49
1229 17 20 287 135 19 4 32 12
1230 24 8 26 747 16 4 25 8
1231 19 24 311 30 19 9 32 11
1232 38 18 136 658 10 25 43 41
1233 29 28 111 664 18 3 32 15
1234 30 28 251 494 24 3 26 10
1235 22 25 161 118 21 2 29 12
1236 28 18 258 625 0 42 49 47
1237 29 36 10 739 23 7 24 15
1238 32 32 242 90 21 1 30 10
1239 34 28 273 41 19 4 24 8
1240 27 34 205 1502 33 13 48 37
1241 25 20 225 2213 18 6 27 11
1242 25 36 360 1483 18 11 25 13
1243 19 26 333 106 17 11 26 13
1244 26 20 194 20 16 15 27 15
1245 25 26 81 106 19 9 27 10
1246 16 23 130 115 23 10 31 15
1247 30 20 325 77 19 1 25 4
1248 19 15 69 420 18 13 27 13
1249 34 20 52 427 16 10 27 11
1250 34 20 294 112 24 5 26 13
1251 8 21 314 91 22 45 25 46
1252 31 12 275 135 20 0 27 13
1253 32 5 61 79 49 12 49 31
1254 35 21 389 655 17 11 31 15
1255 26 30 207 13 6 45 20 45
1256 15 17 57 141 26 11 26 45
1257 28 28 135 77 22 2 27 11
1258 36 27 230 436 24 8 31 9
1259 20 23 190 714 24 9 31 9
1260 43 19 73 129 16 4 31 15
1261 20 29 294 532 17 4 28 6
1262 23 31 355 579 16 1 24 4
1263 21 34 50 636 16 14 30 14
1264 43 31 398 2017 21 13 30 15
1265 32 33 100 17 17 10 31 10
1266 34 28 69 13 17 14 27 14
1267 30 38 335 261 18 15 24 15
1268 19 16 95 74 20 3 30 10
1269 28 28 35 412 18 4 24 7
1270 25 18 67 556 19 6 26 15
1271 24 28 375 14 20 15 31 15
1272 23 26 345 100 21 15 26 15
1273 33 29 153 287 19 11 29 11
1274 21 27 54 699 23 13 26 15
1275 44 7 359 147 16 35 46 41
1276 29 7 263 624 24 8 24 12
1277 23 25 383 32 7 2 43 33
1278 20 40 66 1415 18 6 32 12
1279 14 16 65 68 20 13 32 14
1280 5 31 258 690 20 5 30 7
1281 24 23 33 653 22 11 24 13
1282 30 25 111 842 16 7 30 11
1283 23 0 232 154 16 3 25 7
1284 35 35 11 33 22 4 27 14
1285 5 25 379 127 39 24 39 24
1286 11 21 153 31 35 30 41 38
1287 23 26 11 141 21 13 27 13
1288 35 16 125 248 23 2 29 12
1289 15 17 355 89 24 8 27 8
1290 30 27 390 17 18 9 28 13
1291 30 20 207 204 16 8 26 8
1292 29 12 276 48 41 32 44 46
1293 13 16 0 46 19 2 32 9
1294 24 32 69 101 21 9 30 10
1295 30 23 232 1403 23 4 32 12
1296 23 21 59 55 20 36 31 36
1297 21 41 203 625 21 8 24 14
1298 22 26 65 127 23 6 26 8
1299 1 14 321 42 20 11 32 11
1300 16 25 384 76 24 5 28 7
1301 33 23 112 175 23 7 29 7
1302 16 34 320 89 22 7 28 12
1303 16 21 251 51 48 47 48 49
1304 31 31 93 140 18 11 30 14
1305 40 20 141 123 26 28 43 44
1306 29 19 319 30 24 11 27 11
1307 47 30 55 133 9 15 17 35
1308 35 13 157 2286 18 4 32 5
1309 29 31 326 514 20 0 26 12
1310 21 19 144 276 17 2 27 10
1311 28 30 342 96 20 5 32 6
1312 18 23 214 113 24 3 29 4
1313 30 24 82 60 20 5 25 8
1314 27 21 205 2051 33 0 46 15
1315 21 25 373 23 12 3 22 47
1316 28 35 281 22 20 0 24 6
1317 19 43 59 137 37 48 44 49
1318 38 28 322 49 22 45 43 49
1319 49 21 369 441 40 33 47 43
1320 37 11 321 598 19 5 32 6
1321 43 27 285 123 24 4 31 11
1322 22 23 116 37 16 3 32 15
1323 7 9 79 760 37 24 47 32
1324 10 26 274 68 18 3 32 3
1325 27 31 7 103 29 2 45 2
1326 28 30 150 64 11 7 21 32
1327 12 17 196 100 16 42 41 49
1328 39 26 349 784 21 4 29 5
1329 19 37 208 109 17 6 24 9
1330 9 42 332 310 21 7 25 9
1331 21 40 257 848 23 2 30 15
1332 41 26 23 28 19 12 32 14
1333 12 33 118 94 16 2 25 2
1334 17 38 389 76 9 32 40 45
1335 27 21 241 38 23 15 31 15
1336 26 20 303 139 19 4 28 10
1337 32 15 390 51 18 4 24 8
1338 27 16 377 81 17 4 31 4
1339 19 31 13 662 19 8 30 15
1340 13 22 117 65 19 7 28 15
1341 30 25 226 458 19 5 31 11
1342 35 28 170 145 22 5 31 13
1343 17 24 23 44 18 4 27 11
1344 40 19 361 150 25 26 40 48
1345 32 33 111 139 38 26 38 47
1346 19 11 264 110 21 1 26 12
1347 20 31 120 16 22 6 31 15
1348 21 26 167 75 20 43 26 48
1349 24 16 29 128 19 8 29 10
1350 21 26 360 689 22 6 31 12
1351 24 20 373 330 22 3 31 4
1352 26 9 189 40 6 10 33 13
1353 25 20 278 715 16 1 27 6
1354 26 28 217 748 11 1 22 12
1355 24 0 291 422 18 15 28 15
1356 34 28 36 14 5 12 30 40
1357 26 23 175 84 21 13 26 14
1358 32 41 192 122 20 13 31 13
1359 25 24 113 557 20 3 28 13
1360 33 17 313 37 21 4 27 11
1361 17 0 252 50 7 14 31 36
1362 20 19 395 42 45 28 48 40
1363 15 12 232 87 21 8 31 13
1364 38 26 258 10 17 13 29 13
1365 30 34 340 325 22 2 26 7
1366 28 5 121 705 24 5 27 7
1367 21 29 105 72 24 11 26 13
1368 12 43 58 96 24 12 27 14
1369 23 19 99 316 21 5 30 14
1370 24 25 275 1955 34 7 41 15
1371 32 12 385 743 19 10 30 14
1372 21 22 28 658 23 14 31 15
1373 19 21 33 78 21 10 31 14
1374 28 24 67 68 19 12 27 13
1375 40 19 140 670 18 12 28 12
1376 28 22 13 124 14 0 15 36
1377 14 18 272 45 21 3 26 4
1378 21 29 169 79 22 3 25 7
1379 26 40 264 128 20 4 31 9
1380 22 19 67 708 20 3 29 12
1381 33 42 3 136 17 6 30 9
1382 35 15 301 100 24 10 26 13
1383 22 12 221 95 19 6 32 14
1384 31 37 358 44 22 8 24 14
1385 12 26 398 65 40 47 45 48
1386 34 30 86 508 23 5 32 10
1387 23 12 325 86 16 6 30 15
1388 26 7 330 1147 15 5 32 23
1389 20 22 5 116 17 4 24 10
1390 19 28 175 744 21 2 26 9
1391 31 14 9 22 5 14 41 29
1392 21 29 317 624 21 0 30 1
1393 23 25 270 19 20 3 30 13
1394 24 9 28 43 21 11 32 11
1395 32 25 237 242 18 7 26 8
1396 29 41 101 782 23 9 30 10
1397 37 20 199 83 21 5 31 12
1398 7 28 267 18 21 9 28 10
1399 23 23 142 131 19 14 25 14
1400 40 24 253 54 22 5 24 9
1401 16 21 136 658 20 13 29 14
1402 27 15 199 12 20 11 32 12
1403 14 34 214 628 16 8 30 9
1404 11 5 1 495 19 8 31 10
1405 36 32 120 14 2 49 39 49
1406 21 25 344 115 18 29 32 45
1407 34 22 141 534 17 13 29 14
1408 37 15 67 69 23 9 29 14
1409 31 29 264 25 17 3 26 3
1410 26 17 20 108 21 13 29 14
1411 42 28 116 118 21 0 27 12
1412 16 25 108 1628 23 4 32 6
1413 24 16 243 30 16 13 31 14
1414 27 38 346 109 21 6 30 10
1415 22 20 263 138 25 47 25 48
1416 28 13 11 45 23 1 31 5
1417 18 16 391 561 17 13 24 14
1418 29 40 390 2362 24 6 31 15
1419 12 18 260 730 10 7 41 42
1420 32 35 393 128 24 13 32 14
1421 21 21 300 755 21 7 25 12
1422 16 48 307 517 39 28 45 28
1423 36 24 32 122 19 5 28 9
1424 27 43 380 72 44 44 45 49
1425 26 22 371 138 0 40 24 46
1426 31 23 113 145 24 12 25 14
1427 33 17 370 140 24 14 27 14
1428 27 26 306 86 24 0 27 1
1429 7 23 33 145 18 5 32 15
1430 29 19 153 17 24 4 31 12
1431 14 24 173 628 23 13 25 15
1432 44 25 350 108 10 25 40 37
1433 32 32 271 789 24 13 26 13
1434 16 9 143 107 22 10 28 14
1435 17 9 3 822 18 19 27 24
1436 20 18 208 49 29 15 40 15
1437 32 41 291 25 18 0 31 4
1438 31 21 192 88 19 13 27 14
1439 21 24 272 81 21 8 30 10
1440 37 36 291 142 18 4 30 7
1441 30 23 19 145 23 11 26 15
1442 19 39 341 201 11 33 49 45
1443 33 44 288 576 17 5 30 8
1444 31 19 302 49 16 6 27 11
1445 25 11 204 136 22 13 29 13
1446 23 30 268 74 15 20 21 26
1447 13 16 391 279 24 2 24 6
1448 21 36 337 47 46 19 46 42
1449 21 20 17 28 23 6 24 14
1450 28 15 77 130 16 10 30 15
1451 21 28 341 161 22 5 24 8
1452 21 30 291 119 23 12 28 13
1453 34 19 397 18 19 4 30 4
1454 35 31 125 780 23 13 32 15
1455 20 33 387 84 0 15 19 34
1456 20 25 83 59 19 3 30 3
1457 34 28 100 508 18 5 25 5
1458 29 30 318 28 16 6 31 9
1459 19 26 374 467 17 0 28 8
1460 23 25 383 42 20 0 22 44
1461 29 17 39 130 16 2 29 9
1462 17 5 85 30 18 8 27 8
1463 22 23 181 149 46 20 46 48
1464 28 19 367 103 23 1 30 11
1465 15 25 25 13 20 19 48 22
1466 1 19 389 149 23 0 32 6
1467 17 20 82 20 19 12 32 14
1468 16 15 10 13 19 10 26 10
1469 33 23 354 62 21 26 44 30
1470 30 43 309 171 16 13 24 14
1471 37 28 309 20 24 2 25 10
1472 33 11 322 377 21 12 26 15
1473 31 29 141 97 18 5 27 15
1474 33 32 206 1731 43 9 44 10
1475 20 35 240 79 20 15 28 15
1476 33 15 347 60 23 12 28 12
1477 29 15 373 647 26 26 30 31
1478 25 37 295 387 8 4 32 38
1479 23 29 248 11 18 12 32 12
1480 17 38 201 71 24 1 29 3
1481 22 7 44 12 23 6 24 15
1482 29 26 84 2317 24 11 26 12
1483 31 25 80 127 36 44 43 48
1484 13 37 294 551 16 1 30 3
1485 31 17 252 75 40 8 49 10
1486 19 37 309 487 23 0 25 3
1487 22 14 178 82 18 25 39 37
1488 27 29 351 781 19 12 30 12
1489 26 40 52 89 24 0 31 9
1490 13 28 387 14 19 11 25 15
1491 22 27 101 385 23 15 30 15
1492 23 27 269 282 20 6 25 9
1493 18 21 290 77 23 6 29 49
1494 29 13 239 127 23 12 32 15
1495 44 20 367 488 23 7 32 10
1496 34 16 253 127 24 14 29 14
1497 28 3 381 32 21 3 24 12
1498 25 26 184 344 9 44 47 47
1499 27 37 107 84 22 4 32 9
1500 25 29 202 127 22 5 28 12
1501 18 26 363 96 24 7 26 9
1502 28 25 352 781 22 8 32 12
1503 38 41 253 144 24 10 31 12
1504 29 19 137 548 17 13 29 15
1505 20 14 103 180 18 7 28 10
1506 22 20 388 48 31 29 45 43
1507 28 44 212 18 25 46 34 49
1508 39 27 1 70 24 10 29 11
1509 14 14 69 188 20 4 24 11
1510 23 37 222 139 17 4 30 9
1511 24 24 220 190 18 11 27 14
1512 36 15 210 608 17 3 27 11
1513 45 14 357 148 38 16 39 48
1514 15 29 317 13 38 42 49 45
1515 30 31 223 377 16 6 40 14
1516 35 32 299 29 23 9 29 13
1517 30 22 8 949 17 5 30 7
1518 37 16 271 137 22 12 29 15
1519 24 12 32 144 22 14 27 15
1520 36 29 148 1869 23 8 27 13
1521 17 30 294 79 19 13 32 15
1522 18 27 396 704 24 4 31 7
1523 21 27 278 1088 18 4 30 4
1524 30 29 163 114 21 42 36 48
1525 18 37 183 54 18 0 28 0
1526 34 28 172 145 18 22 21 24
1527 18 28 166 412 16 49 20 49
1528 25 24 103 146 1 49 33 49
1529 32 11 21 72 24 8 28 10
1530 33 19 210 892 21 3 44 37
1531 17 18 15 81 13 42 30 42
1532 17 20 33 134 36 8 43 25
1533 22 29 137 79 20 1 29 8
1534 28 38 193 140 0 20 36 35
1535 11 9 293 494 16 4 24 14
1536 25 24 367 195 5 33 27 37
1537 21 30 8 49 23 14 31 15
1538 23 33 185 39 23 13 32 15
1539 23 43 267 662 22 12 29 14
1540 31 30 125 589 19 12 32 14
1541 29 32 246 35 28 44 34 44
1542 21 28 302 32 16 14 25 14
1543 23 29 195 89 16 13 24 13
1544 25 34 73 125 24 5 26 8
1545 9 27 28 2464 27 17 37 45
1546 41 30 143 92 4 28 44 41
1547 17 25 303 149 24 6 31 13
1548 17 24 33 87 18 12 26 13
1549 14 24 226 49 43 25 46 27
1550 31 34 348 796 38 40 38 45
1551 24 14 279 1961 16 12 32 12
1552 20 24 13 112 24 1 25 8
1553 19 21 399 109 21 8 27 14
1554 18 15 232 473 17 14 29 15
1555 34 13 115 512 24 14 31 14
1556 24 10 336 480 24 14 29 14
1557 17 34 268 66 20 1 28 5
1558 18 32 107 215 17 3 24 15
1559 28 29 331 60 17 10 25 15
1560 25 9 397 188 17 14 31 14
1561 28 21 327 78 16 8 28 14
1562 35 23 150 2359 49 46 49 49
1563 39 20 33 91 17 6 32 7
1564 12 40 187 47 21 12 25 13
1565 23 20 45 87 21 5 27 9
1566 38 33 377 75 18 0 30 14
1567 30 21 196 109 23 11 29 15
1568 24 28 321 39 17 10 24 10
1569 41 19 39 728 20 7 25 11
1570 31 14 197 754 16 15 27 15
1571 21 38 65 42 20 6 27 6
1572 28 16 324 17 18 3 26 11
1573 31 19 231 106 26 4 39 4
1574 29 30 201 182 22 7 26 11
1575 17 18 37 598 35 26 38 41
1576 16 35 48 28 20 12 28 12
1577 24 26 84 99 20 11 30 14
1578 28 21 192 542 22 6 30 7
1579 11 19 182 95 22 15 26 15
1580 12 37 47 371 35 0 40 11
1581 24 17 32 79 43 35 45 41
1582 19 25 274 630 14 16 18 39
1583 22 38 356 2206 21 11 26 11
1584 34 33 301 91 22 9 24 9
1585 19 21 225 34 24 11 32 15
1586 28 26 356 31 23 2 29 3
1587 24 33 273 13 16 14 25 14
1588 36 28 323 42 17 13 24 15
1589 9 20 73 60 23 8 29 10
1590 23 19 206 1178 22 13 32 14
1591 37 23 171 484 8 18 18 24
1592 37 33 13 36 20 4 29 4
1593 38 34 217 681 22 8 26 8
1594 32 26 300 22 22 3 24 13
1595 24 11 38 697 21 6 25 9
1596 20 18 264 64 20 13 29 15
1597 24 29 155 86 18 5 24 9
1598 17 20 98 101 17 7 31 11
1599 19 16 320 69 23 5 29 11
1600 33 24 170 649 24 23 29 48
1601 25 36 31 86 17 7 29 10
1602 15 31 189 79 25 46 38 48
1603 21 18 287 114 16 7 29 9
1604 20 41 362 48 19 2 31 4
1605 14 12 357 150 20 13 28 31
1606 18 28 383 16 23 4 30 8
1607 14 20 121 149 4 6 30 28
1608 32 15 256 1606 32 44 38 47
1609 30 28 254 107 22 3 24 7
1610 16 23 246 14 22 8 30 11
1611 42 40 146 454 28 11 40 31
1612 15 12 383 52 20 12 29 13
1613 29 22 55 86 18 2 28 12
1614 34 32 359 127 18 0 31 13
1615 20 15 111 18 18 5 25 10
1616 27 14 58 79 2 12 7 26
1617 27 47 110 133 21 3 28 7
1618 35 28 353 28 31 2 37 6
1619 43 24 46 439 23 1 24 14
1620 18 41 82 692 18 3 30 9
1621 49 9 382 20 22 6 25 10
1622 11 24 168 309 13 12 33 16
1623 13 30 289 755 16 1 30 2
1624 20 33 359 39 22 9 25 15
1625 36 0 155 11 16 2 32 6
1626 28 27 273 91 17 6 25 12
1627 15 26 251 58 21 2 32 2
1628 33 20 314 107 20 7 26 9
1629 29 29 24 1286 19 10 27 10
1630 14 31 338 711 19 5 29 10
1631 30 35 378 292 20 2 31 13
1632 14 27 360 101 20 7 32 7
1633 28 25 321 125 18 11 27 13
1634 26 18 74 238 18 4 30 14
1635 19 31 132 173 23 8 28 9
1636 25 24 193 117 16 44 18 48
1637 10 30 2 2106 26 34 39 35
1638 13 3 388 294 18 6 26 14
1639 24 20 337 715 22 4 32 8
1640 31 25 167 101 37 19 46 20
1641 28 25 371 769 14 6 37 13
1642 32 21 15 90 17 5 26 15
1643 20 24 3 40 19 1 31 10
1644 25 14 14 28 20 9 25 15
1645 23 17 154 1481 8 48 40 48
1646 30 22 240 83 40 35 42 35
1647 30 35 345 15 19 0 31 7
1648 14 27 59 785 45 16 48 31
1649 28 17 294 2467 19 15 29 15
1650 19 21 393 2355 24 13 30 15
1651 16 15 183 149 18 1 25 7
1652 20 33 119 604 5 20 30 24
1653 21 26 114 86 16 4 24 9
1654 25 26 143 51 18 8 28 12
1655 9 28 92 12 22 4 27 8
1656 28 31 2 615 19 46 22 48
1657 14 41 203 96 20 12 24 13
1658 30 15 193 1368 17 7 24 10
1659 25 29 173 335 5 40 25 48
1660 29 22 198 293 18 2 26 9
1661 30 33 80 16 18 5 31 6
1662 21 29 90 63 24 7 30 9
1663 30 12 110 310 20 11 32 11
1664 26 27 48 740 21 11 27 15
1665 26 36 43 172 19 3 30 9
1666 34 37 192 136 19 9 29 9
1667 23 14 318 150 19 4 27 15
1668 27 46 333 146 18 24 39 33
1669 18 27 125 40 19 3 27 4
1670 14 5 219 97 22 13 31 13
1671 35 35 81 92 24 2 30 14
1672 24 22 67 110 16 0 31 12
1673 18 18 218 304 17 11 25 15
1674 34 38 193 82 19 7 30 14
1675 30 28 77 191 21 10 31 11
1676 15 20 356 224 20 11 30 15
1677 19 16 194 640 34 6 42 37
1678 21 20 349 28 21 13 49 46
1679 27 27 398 109 10 25 37 34
1680 28 33 112 46 20 11 29 12
1681 42 20 250 110 18 13 31 14
1682 15 23 301 741 19 0 25 9
1683 21 27 2 117 16 3 29 5
1684 26 22 215 116 11 14 49 34
1685 21 14 299 425 4 36 12 37
1686 19 40 336 300 18 29 49 46
1687 37 23 358 83 31 29 49 33
1688 13 36 149 174 16 2 26 6
1689 12 28 73 309 20 2 29 13
1690 33 20 392 351 21 13 26 13
1691 28 25 70 16 3 43 49 47
1692 20 42 64 706 21 14 30 15
1693 39 27 85 113 23 12 27 12
1694 32 15 129 595 38 1 40 36
1695 43 23 143 39 9 39 25 44
1696 25 21 288 10 19 12 28 12
1697 10 27 271 25 24 1 27 5
1698 24 28 144 1295 18 10 30 10
1699 18 10 97 80 21 9 31 12
1700 20 33 100 2109 18 10 32 13
1701 24 28 230 772 17 12 25 13
1702 21 25 47 109 16 3 30 4
1703 16 21 197 143 21 13 26 13
1704 22 25 164 147 21 11 28 15
1705 32 28 167 528 21 5 27 9
1706 29 32 72 2390 21 2 38 6
1707 20 15 137 134 21 6 24 6
1708 30 33 104 55 18 7 30 11
1709 20 35 378 278 23 27 32 30
1710 25 24 278 157 17 0 26 14
1711 25 19 366 131 23 9 25 10
1712 19 36 246 60 24 14 24 14
1713 26 27 72 348 20 6 31 6
1714 17 34 354 34 45 7 48 44
1715 16 20 192 99 25 29 49 42
1716 21 35 370 70 20 0 24 11
1717 36 40 144 107 19 14 27 14
1718 30 23 45 72 45 29 45 29
1719 20 30 343 266 23 10 25 10
1720 24 21 35 48 24 1 32 3
1721 16 31 367 629 38 35 45 49
1722 28 20 147 101 23 3 26 7
1723 16 20 46 139 40 18 46 33
1724 25 23 106 1813 18 11 30 12
1725 25 20 201 756 46 42 49 44
1726 24 27 17 46 18 2 24 6
1727 20 17 8 96 22 3 31 9
1728 30 23 29 60 20 26 48 46
1729 31 20 364 13 24 1 24 10
1730 39 29 301 143 24 1 28 3
1731 1 21 118 26 22 7 24 7
1732 36 18 324 72 25 34 30 34
1733 9 23 71 119 19 14 28 15
1734 26 8 177 240 19 6 32 9
1735 36 25 254 138 22 3 25 14
1736 20 36 310 101 23 15 30 15
1737 8 27 260 42 16 13 27 13
1738 15 29 340 556 40 29 42 41
1739 27 29 217 141 21 12 31 12
1740 48 17 166 147 0 18 29 33
1741 28 14 54 132 22 10 30 14
1742 29 18 12 720 16 10 24 10
1743 41 16 148 109 16 2 27 15
1744 38 41 180 33 17 3 25 7
1745 22 24 333 767 20 14 26 15
1746 19 32 25 46 24 3 25 14
1747 30 19 6 1838 24 8 31 10
1748 5 15 205 48 10 12 24 38
1749 12 15 324 20 17 0 27 4
1750 30 11 197 76 36 23 43 30
1751 10 27 325 484 23 9 28 12
1752 45 17 188 136 18 15 32 15
1753 20 30 190 26 18 13 32 14
1754 33 20 341 353 35 14 46 36
1755 13 8 322 136 18 10 28 11
1756 34 38 235 11 38 15 42 25
1757 26 13 394 74 18 1 29 6
1758 38 26 156 182 16 12 28 15
1759 32 38 26 767 36 44 36 47
1760 7 31 250 90 19 7 24 15
1761 27 23 70 38 22 9 24 11
1762 30 25 287 1229 23 14 26 15
1763 26 12 350 653 19 2 27 14
1764 21 7 57 17 22 11 30 12
1765 36 14 76 107 42 7 47 10
1766 15 23 270 99 19 8 25 14
1767 39 22 320 1275 23 9 31 11
1768 28 18 350 18 26 30 30 35
1769 21 23 233 108 22 10 25 13
1770 18 31 369 118 23 13 26 13
1771 14 24 261 110 24 7 30 8
1772 17 19 10 783 23 15 30 15
1773 24 26 168 148 22 14 30 14
1774 23 21 88 384 33 2 49 21
1775 8 24 46 24 21 9 30 11
1776 37 28 283 37 22 11 31 13
1777 16 28 310 489 24 8 28 11
1778 33 18 362 596 23 5 30 7
1779 18 9 340 40 23 0 29 13
1780 31 33 344 109 21 4 46 32
1781 26 29 57 779 24 15 32 15
1782 27 20 50 730 20 13 34 42
1783 16 28 395 1080 17 0 31 14
1784 20 18 304 30 21 8 24 12
1785 24 26 90 2389 16 15 27 15
1786 35 16 158 53 16 14 30 15
1787 36 28 24 62 17 9 29 14
1788 36 30 74 139 23 4 27 11
1789 26 27 384 437 23 9 32 10
1790 27 28 274 391 16 2 27 14
1791 20 16 370 116 15 36 49 46
1792 23 21 359 539 17 9 32 14
1793 15 25 23 1524 20 1 25 8
1794 32 20 222 17 42 6 47 17
1795 25 25 190 1025 37 5 49 44
1796 23 36 185 130 18 10 29 13
1797 29 14 232 599 23 13 32 13
1798 28 19 181 561 24 28 48 45
1799 25 26 186 60 16 9 31 15
1800 30 24 71 83 23 9 28 15
1801 18 30 253 10 23 14 25 15
1802 27 12 89 340 21 12 25 15
1803 30 43 134 109 16 15 30 15
1804 27 35 399 434 17 12 27 13
1805 23 21 176 298 45 7 49 49
1806 19 17 29 81 20 12 24 13
1807 21 23 231 81 16 0 27 2
1808 16 22 298 23 30 43 40 46
1809 11 22 372 740 20 1 31 6
1810 33 39 54 709 21 22 34 38
1811 24 14 273 12 17 10 27 13
1812 27 22 208 760 19 14 29 14
1813 24 11 52 115 16 2 32 3
1814 9 17 269 23 22 3 24 15
1815 29 39 255 1811 22 12 25 13
1816 29 12 215 71 16 8 29 8
1817 25 22 352 637 19 11 28 15
1818 26 15 174 70 16 4 25 11
1819 43 0 111 479 21 28 24 36
1820 35 29 378 27 20 13 31 13
1821 28 22 360 113 7 25 41 32
1822 19 22 132 1225 35 20 39 27
1823 31 29 397 1296 17 10 30 14
1824 35 28 356 147 20 5 24 6
1825 13 27 96 33 16 2 25 5
1826 27 36 98 132 23 7 31 11
1827 37 22 92 53 17 44 23 48
1828 10 22 369 115 21 7 26 13
1829 18 41 48 467 22 8 28 10
1830 18 14 80 526 20 13 31 14
1831 19 6 60 26 26 0 34 39
1832 27 18 158 702 23 14 27 14
1833 18 39 68 33 24 5 32 11
1834 32 15 399 2116 18 8 29 10
1835 24 13 89 1157 18 13 30 15
1836 9 0 307 505 16 2 30 11
1837 24 40 320 59 24 9 27 10
1838 22 36 76 55 21 13 28 13
1839 27 31 264 393 17 3 29 14
1840 16 23 313 595 23 18 48 29
1841 22 38 90 44 19 14 24 15
1842 29 39 11 143 23 17 42 47
1843 34 11 127 118 21 3 29 10
1844 22 26 234 61 19 4 28 12
1845 15 24 140 112 16 13 30 14
1846 15 18 132 37 24 1 30 2
1847 31 15 42 2353 16 14 28 14
1848 20 33 183 10 23 13 32 13
1849 21 17 339 56 21 13 29 15
1850 23 24 142 95 26 36 48 48
1851 34 21 159 2489 16 35 27 41
1852 39 31 274 124 24 10 26 10
1853 37 23 123 135 22 9 30 13
1854 28 24 210 444 18 1 32 11
1855 19 29 179 31 23 14 26 15
1856 22 22 312 451 16 4 29 15
1857 17 25 192 371 18 1 26 4
1858 24 19 155 759 16 7 30 10
1859 27 26 77 117 24 7 31 8
1860 30 20 182 54 22 7 30 13
1861 18 27 21 135 16 49 47 49
1862 15 16 332 664 8 22 45 49
1863 30 37 129 71 17 15 30 15
1864 41 27 11 129 20 11 31 12
1865 24 28 386 362 24 1 24 10
1866 33 14 209 139 20 10 28 11
1867 4 21 170 72 22 4 27 10
1868 23 25 349 13 2 29 18 29
1869 31 16 40 2306 20 13 29 13
1870 36 31 306 112 5 35 10 36
1871 22 18 110 80 23 9 28 12
1872 7 30 261 140 24 14 28 15
1873 15 32 196 778 19 11 26 14
1874 18 34 191 2114 20 7 26 10
1875 30 25 360 83 20 30 28 37
1876 18 18 79 912 21 12 25 15
1877 34 26 230 754 16 46 45 48
1878 29 32 154 485 20 0 25 5
1879 30 22 258 515 34 26 47 35
1880 39 17 245 358 4 43 36 44
1881 32 25 191 117 34 22 36 28
1882 43 19 397 40 19 1 29 13
1883 18 21 346 324 35 21 41 32
1884 30 10 56 55 21 7 25 11
1885 4 20 46 20 12 4 46 20
1886 28 20 65 54 22 11 25 15
1887 9 28 390 36 16 4 29 11
1888 30 21 44 60 19 11 29 12
1889 36 8 164 464 17 2 31 12
1890 20 7 315 102 20 10 29 13
1891 11 33 221 93 19 35 22 46
1892 36 23 50 78 24 9 30 14
1893 35 30 375 257 47 41 48 47
1894 23 21 30 144 22 4 28 15
1895 32 32 213 48 17 12 29 13
1896 20 18 316 47 21 15 28 15
1897 24 23 291 100 22 14 32 14
1898 23 20 15 2121 20 10 32 14
1899 20 25 97 47 23 10 28 11
1900 37 16 169 15 9 33 49 45
1901 33 25 147 336 18 9 29 12
1902 23 45 204 97 24 2 28 12
1903 11 24 258 76 23 10 30 15
1904 29 17 68 145 16 12 31 14
1905 3 35 314 360 24 4 30 6
1906 25 23 45 59 24 15 28 15
1907 20 17 40 64 21 3 29 15
1908 23 18 266 92 35 45 37 49
1909 24 28 364 726 23 19 30 33
1910 29 29 183 114 24 7 29 9
1911 20 18 4 672 25 33 45 46
1912 28 18 352 52 16 5 26 13
1913 36 17 0 373 19 1 27 7
1914 33 19 218 582 18 0 31 12
1915 22 39 112 437 17 4 29 5
1916 26 36 41 98 19 15 26 15
1917 16 22 141 2204 20 12 32 13
1918 18 28 61 136 19 8 27 14
1919 20 30 392 89 39 28 45 44
1920 20 21 369 2456 21 5 29 5
1921 29 17 98 485 22 8 26 10
1922 29 29 277 764 18 1 30 10
1923 15 14 223 234 32 17 33 17
1924 26 19 153 491 28 23 35 48
1925 31 19 382 93 18 11 24 12
1926 9 15 20 78 25 44 45 45
1927 22 25 170 86 23 4 25 15
1928 1 20 209 49 23 2 46 12
1929 42 22 182 65 24 14 31 15
1930 32 17 45 116 19 15 30 15
1931 22 33 228 15 21 42 23 43
1932 22 23 247 736 20 3 28 15
1933 19 38 173 432 22 7 32 15
1934 26 17 292 121 19 15 24 15
1935 20 30 313 63 20 13 27 15
1936 15 26 172 54 46 37 46 41
1937 26 8 27 71 23 6 29 11
1938 17 19 26 491 17 7 31 11
1939 20 20 339 2150 16 4 31 6
1940 20 31 256 378 17 3 28 9
1941 8 21 191 90 22 11 32 13
1942 24 26 396 98 20 11 31 15
1943 31 29 22 145 16 49 23 49
1944 19 28 379 87 20 14 24 14
1945 24 40 227 654 17 9 27 9
1946 12 20 292 371 20 12 29 12
1947 26 26 311 229 24 3 24 10
1948 24 5 235 18 18 10 26 12
1949 21 17 360 103 21 13 32 14
1950 19 28 101 71 19 13 32 13
1951 15 25 68 237 14 6 36 18
1952 22 22 97 1758 19 31 24 40
1953 30 24 207 90 18 2 31 13
1954 22 46 100 12 17 11 27 14
1955 30 16 78 328 21 42 26 48
1956 26 38 302 27 16 12 32 15
1957 28 23 64 52 22 5 29 11
1958 28 26 250 47 39 25 43 49
1959 25 15 135 531 11 43 34 49
1960 22 31 39 695 19 6 25 12
1961 29 22 9 361 16 6 25 13
1962 31 13 262 436 5 24 21 45
1963 26 26 38 60 20 3 24 4
1964 27 29 106 151 18 14 28 15
1965 35 28 215 37 15 24 44 28
1966 24 16 247 26 22 15 25 15
1967 35 27 264 456 18 1 27 4
1968 34 16 198 112 18 9 31 9
1969 22 23 18 69 24 8 30 8
1970 37 22 384 455 23 1 31 2
1971 12 20 191 556 9 25 46 39
1972 33 22 89 73 21 4 30 9
1973 33 22 1 735 48 35 48 46
1974 17 24 141 767 19 7 32 15
1975 27 20 318 520 19 15 25 15
1976 21 30 293 98 22 9 25 9
1977 36 17 77 238 19 15 32 15
1978 31 21 388 136 5 44 36 44
1979 27 32 256 736 22 12 28 12
1980 14 43 129 799 19 7 27 14
1981 20 29 387 113 18 0 24 12
1982 23 32 335 126 21 15 25 15
1983 30 26 135 125 17 10 28 10
1984 26 18 143 87 28 7 34 41
1985 31 29 10 51 17 9 29 15
1986 9 27 53 131 17 9 29 14
1987 24 16 236 126 18 9 27 13
1988 14 41 348 1216 16 12 28 14
1989 24 23 222 56 41 4 47 17
1990 5 22 280 123 29 38 43 43
1991 11 27 105 114 21 14 31 14
1992 35 14 227 2408 17 11 27 11
1993 32 33 88 114 22 6 28 8
1994 26 37 397 65 21 8 28 14
1995 33 26 362 106 20 0 27 12
1996 15 17 97 110 22 2 28 4
1997 18 24 366 541 16 33 32 43
1998 22 34 174 742 16 8 24 10
1999 11 41 73 403 26 8 35 31
2000 23 26 285 150 17 12 32 12