20 20 200 200
0 0 522.09 0
1 0 569.62 2
2 0 562.91 3
3 0 598.20 2
4 0 615.19 4
5 0 633.57 6
6 0 676.71 5
7 0 693.93 8
8 0 761.97 7
9 0 758.74 8
10 0 806.28 9
11 0 754.95 1
12 0 733.64 1
13 0 695.26 4
14 0 688.44 5
15 0 636.28 4
16 0 618.18 6
17 0 551.93 6
18 0 549.45 8
19 0 504.73 9
0 1 529.54 1
1 1 548.52 4
2 1 544.38 4
3 1 612.46 4
4 1 613.87 5
5 1 661.12 6
6 1 683.93 8
7 1 715.37 8
8 1 741.43 1
9 1 741.66 2
10 1 795.75 1
11 1 772.98 2
12 1 697.59 4
13 1 687.50 5
14 1 683.09 5
15 1 621.69 7
16 1 584.68 8
17 1 555.59 0
18 1 565.56 1
19 1 517.42 1
0 2 482.23 4
1 2 515.87 4
2 2 567.24 7
3 2 565.56 7
4 2 594.35 9
5 2 647.93 0
6 2 656.10 1
7 2 676.84 0
8 2 697.61 1
9 2 747.43 2
10 2 731.15 5
11 2 708.28 6
12 2 674.42 5
13 2 671.81 8
14 2 653.23 8
15 2 647.01 8
16 2 602.09 0
17 2 546.81 1
18 2 510.66 3
19 2 490.94 3
0 3 520.90 5
1 3 494.74 8
2 3 582.74 7
3 3 555.34 8
4 3 608.65 9
5 3 660.51 0
6 3 681.70 2
7 3 667.61 3
8 3 717.39 5
9 3 695.09 6
10 3 708.67 7
11 3 716.39 7
12 3 706.41 7
13 3 685.28 8
14 3 620.38 9
15 3 622.84 0
16 3 567.29 3
17 3 535.47 3
18 3 506.40 5
19 3 516.34 6
0 4 483.91 7
1 4 488.09 9
2 4 559.67 9
3 4 536.68 0
4 4 600.13 2
5 4 595.47 3
6 4 640.47 4
7 4 659.32 4
8 4 643.80 7
9 4 700.89 8
10 4 648.81 8
11 4 674.23 8
12 4 651.45 9
13 4 625.86 0
14 4 639.71 1
15 4 602.83 4
16 4 542.63 5
17 4 562.96 5
18 4 540.98 7
19 4 463.87 6
0 5 493.38 9
1 5 521.13 0
2 5 504.95 2
3 5 566.01 3
4 5 590.69 5
5 5 612.81 5
6 5 592.80 7
7 5 605.43 6
8 5 661.79 7
9 5 628.22 9
10 5 637.22 9
11 5 623.64 2
12 5 610.54 2
13 5 599.96 2
14 5 622.18 4
15 5 563.63 6
16 5 543.05 7
17 5 514.05 6
18 5 475.17 8
19 5 452.22 9
0 6 428.48 3
1 6 477.71 4
2 6 523.29 4
3 6 535.70 6
4 6 527.88 7
5 6 551.91 6
6 6 599.98 7
7 6 602.30 0
8 6 621.97 1
9 6 629.99 0
10 6 607.62 1
11 6 637.69 3
12 6 608.50 5
13 6 608.33 6
14 6 594.51 7
15 6 539.50 7
16 6 518.90 9
17 6 493.85 8
18 6 463.15 1
19 6 482.61 2
0 7 453.81 3
1 7 470.00 5
2 7 480.45 5
3 7 495.94 6
4 7 523.39 9
5 7 551.77 9
6 7 558.43 0
7 7 583.10 2
8 7 579.34 3
9 7 565.44 2
10 7 572.29 5
11 7 588.92 5
12 7 548.16 5
13 7 570.89 6
14 7 563.76 7
15 7 499.07 8
16 7 536.74 1
17 7 507.07 0
18 7 460.39 3
19 7 443.46 4
0 8 431.75 6
1 8 436.81 6
2 8 473.82 7
3 8 508.15 8
4 8 519.64 9
5 8 499.69 2
6 8 533.88 1
7 8 546.98 2
8 8 548.33 4
9 8 564.79 6
10 8 560.46 6
11 8 557.70 8
12 8 567.06 8
13 8 552.64 0
14 8 515.89 9
15 8 517.56 1
16 8 481.60 1
17 8 484.85 3
18 8 458.78 5
19 8 419.05 4
0 9 386.05 7
1 9 434.02 8
2 9 427.83 0
3 9 483.88 0
4 9 455.56 1
5 9 485.09 2
6 9 516.90 3
7 9 509.08 5
8 9 523.37 6
9 9 497.92 7
10 9 517.55 9
11 9 547.58 8
12 9 535.59 1
13 9 497.34 0
14 9 518.67 2
15 9 492.47 3
16 9 462.59 5
17 9 444.29 6
18 9 445.07 6
19 9 382.74 7
0 10 377.09 0
1 10 388.58 2
2 10 435.40 3
3 10 414.95 3
4 10 475.96 5
5 10 466.51 5
6 10 481.32 7
7 10 456.22 8
8 10 486.31 8
9 10 474.53 9
10 10 486.38 9
11 10 487.87 1
12 10 500.27 2
13 10 462.51 3
14 10 449.59 3
15 10 449.00 6
16 10 437.42 6
17 10 400.97 6
18 10 415.28 9
19 10 350.36 8
0 11 382.24 1
1 11 394.99 4
2 11 371.76 3
3 11 407.45 4
4 11 427.52 5
5 11 434.24 7
6 11 462.80 7
7 11 461.18 0
8 11 473.40 9
9 11 490.95 0
10 11 467.79 2
11 11 464.85 3
12 11 448.63 5
13 11 428.69 6
14 11 447.77 7
15 11 408.26 8
16 11 425.39 9
17 11 398.65 8
18 11 392.41 1
19 11 372.22 1
0 12 333.64 5
1 12 342.27 6
2 12 375.85 5
3 12 403.38 7
4 12 372.42 8
5 12 415.98 9
6 12 429.95 0
7 12 405.50 2
8 12 457.89 2
9 12 439.45 4
10 12 448.97 4
11 12 426.09 6
12 12 430.48 6
13 12 438.62 6
14 12 394.58 8
15 12 380.72 9
16 12 386.60 1
17 12 359.74 0
18 12 349.69 2
19 12 312.59 2
0 13 298.61 6
1 13 315.15 8
2 13 352.83 8
3 13 358.61 0
4 13 394.96 9
5 13 363.54 1
6 13 387.37 1
7 13 406.36 4
8 13 412.29 4
9 13 419.50 4
10 13 389.58 6
11 13 411.08 7
12 13 404.76 8
13 13 386.45 0
14 13 369.68 1
15 13 371.10 1
16 13 367.43 2
17 13 329.16 2
18 13 301.97 3
19 13 296.25 6
0 14 284.45 9
1 14 279.95 8
2 14 328.33 0
3 14 341.17 2
4 14 345.55 1
5 14 369.99 3
6 14 342.08 3
7 14 352.98 6
8 14 371.21 6
9 14 344.07 6
10 14 374.54 9
11 14 395.81 0
12 14 386.95 0
13 14 334.59 0
14 14 354.47 2
15 14 338.47 3
16 14 308.76 3
17 14 299.17 5
18 14 275.69 5
19 14 276.34 6
0 15 261.33 1
1 15 245.66 0
2 15 305.51 2
3 15 274.89 2
4 15 288.24 4
5 15 327.19 6
6 15 312.23 7
7 15 327.51 7
8 15 326.57 9
9 15 370.16 9
10 15 344.88 9
11 15 345.31 2
12 15 310.64 1
13 15 336.22 3
14 15 330.43 3
15 15 295.53 6
16 15 274.28 5
17 15 281.35 8
18 15 278.08 8
19 15 228.67 9
0 16 243.04 3
1 16 267.20 2
2 16 270.54 4
3 16 288.83 6
4 16 287.69 5
5 16 286.93 8
6 16 282.33 7
7 16 328.98 8
8 16 282.56 9
9 16 327.74 2
10 16 325.12 3
11 16 333.54 3
12 16 281.94 5
13 16 287.09 5
14 16 317.98 7
15 16 284.70 7
16 16 246.39 7
17 16 282.67 0
18 16 234.96 0
19 16 202.18 0
0 17 231.82 5
1 17 223.65 4
2 17 261.42 7
3 17 262.38 8
4 17 225.69 7
5 17 260.13 0
6 17 265.44 0
7 17 255.11 2
8 17 273.95 2
9 17 307.74 3
10 17 270.47 4
11 17 267.06 4
12 17 295.69 6
13 17 263.61 7
14 17 249.20 8
15 17 272.09 0
16 17 215.29 9
17 17 220.32 1
18 17 195.38 2
19 17 226.00 2
0 18 186.68 7
1 18 188.62 6
2 18 184.58 8
3 18 221.77 9
4 18 231.61 9
5 18 214.48 2
6 18 216.77 2
7 18 240.22 4
8 18 246.39 3
9 18 277.40 6
10 18 266.97 7
11 18 226.81 8
12 18 214.75 8
13 18 214.50 8
14 18 229.96 9
15 18 232.95 0
16 18 214.31 3
17 18 190.83 4
18 18 177.30 4
19 18 206.03 4
0 19 147.41 7
1 19 156.11 0
2 19 175.46 9
3 19 207.38 1
4 19 211.11 2
5 19 192.93 4
6 19 194.87 3
7 19 200.58 5
8 19 237.06 7
9 19 248.36 7
10 19 240.34 8
11 19 219.13 9
12 19 203.56 1
13 19 201.47 1
14 19 224.71 3
15 19 179.08 3
16 19 169.56 4
17 19 147.59 6
18 19 161.47 6
19 19 143.16 8
1 11 5 38 664 10 14 11 14
2 6 9 184 49 7 4 11 5
3 6 4 172 91 6 4 9 4
4 10 15 73 121 3 5 17 16
5 9 10 83 533 8 4 12 4
6 10 11 97 747 6 3 11 4
7 6 3 119 50 7 5 11 5
8 8 6 77 133 6 4 11 5
9 12 9 168 200 15 7 17 16
10 10 7 48 45 9 3 11 3
11 5 7 23 116 8 4 11 5
12 11 7 123 496 14 4 14 11
13 13 5 101 103 6 2 9 2
14 5 11 172 105 8 0 12 4
15 13 7 156 625 9 13 19 13
16 15 16 77 390 4 14 16 16
17 7 5 138 49 3 19 18 19
18 12 8 176 70 3 17 14 19
19 7 12 48 126 8 0 9 2
20 10 11 144 63 8 1 11 5
21 16 10 37 54 9 0 10 2
22 10 7 82 1343 6 5 9 5
23 4 10 131 66 1 9 17 16
24 9 9 122 37 6 0 9 2
25 9 9 70 93 7 4 12 5
26 14 13 167 65 8 2 12 5
27 5 13 80 105 15 2 15 4
28 11 10 189 211 7 3 9 4
29 15 4 108 83 7 4 9 4
30 12 13 27 39 18 13 18 19
31 4 7 159 16 7 1 9 3
32 9 7 86 296 6 1 9 1
33 13 12 96 104 7 0 9 1
34 12 13 172 1707 6 3 12 4
35 10 13 88 757 7 1 9 4
36 11 9 52 290 9 3 14 3
37 6 10 33 138 7 3 9 5
38 10 10 19 113 13 3 15 15
39 12 10 158 102 9 3 10 5
40 8 10 79 322 9 2 10 4
41 9 3 37 352 8 1 9 4
42 5 10 148 92 10 14 12 14
43 5 10 70 28 6 0 9 2
44 10 8 23 128 9 4 12 4
45 8 13 38 97 2 5 18 5
46 10 13 112 103 7 3 12 4
47 9 9 161 246 6 2 11 3
48 7 13 36 110 9 4 11 5
49 8 7 32 144 6 0 11 2
50 7 17 87 67 4 9 6 10
51 5 9 189 494 19 19 19 19
52 11 11 177 52 1 11 14 14
53 14 9 192 146 6 2 10 5
54 7 10 97 51 19 8 19 8
55 5 4 141 142 9 5 10 9
56 6 11 111 1254 11 13 11 13
57 7 11 98 17 9 1 11 2
58 17 11 120 630 9 0 9 2
59 10 11 186 83 9 1 9 4
60 7 6 16 147 8 2 10 5
61 13 10 146 31 7 4 9 4
62 7 12 162 14 9 1 11 1
63 10 4 85 96 5 14 18 19
64 7 10 34 2389 1 6 10 6
65 11 3 80 149 9 2 10 4
66 10 9 167 526 6 3 12 4
67 13 9 127 78 13 13 13 17
68 12 9 75 452 6 5 10 5
69 9 10 90 24 6 4 11 4
70 11 9 155 42 7 3 11 5
71 11 10 115 29 7 2 12 4
72 10 11 188 40 7 1 12 5
73 8 17 125 225 6 5 9 5
74 7 5 140 50 5 11 17 19
75 11 19 35 102 7 4 12 4
76 8 9 79 132 6 1 9 3
77 7 7 174 714 8 3 10 5
78 10 9 31 51 8 4 11 5
79 11 7 162 790 9 4 10 4
80 12 14 154 20 0 1 2 19
81 9 12 146 137 17 9 18 16
82 10 16 103 211 6 3 12 3
83 9 11 183 98 4 16 15 16
84 8 13 68 201 6 1 12 2
85 13 2 184 137 14 9 17 16
86 17 11 129 747 9 3 11 5
87 13 6 120 260 7 3 11 4
88 11 10 143 28 6 4 11 4
89 11 11 95 103 6 16 15 19
90 8 9 35 142 8 4 11 5
91 15 18 189 139 17 18 18 19
92 9 10 84 88 0 15 19 17
93 15 8 198 202 8 1 12 2
94 17 11 28 117 8 4 12 5
95 13 6 15 93 15 12 19 17
96 13 9 136 77 8 2 10 4
97 11 18 76 135 7 2 11 2
98 6 8 101 47 7 2 9 5
99 6 5 54 79 8 0 10 5
100 11 8 59 1646 6 5 9 5
101 14 10 40 131 8 2 11 4
102 5 4 22 188 5 5 11 19
103 19 4 101 446 0 18 9 18
104 12 8 116 136 4 8 18 11
105 11 7 187 340 7 4 11 4
106 12 15 103 32 9 1 10 4
107 8 12 66 78 9 18 18 18
108 9 13 60 1042 8 5 12 5
109 8 5 75 286 6 3 11 5
110 6 8 137 73 9 4 12 5
111 13 12 15 61 8 2 10 5
112 11 11 149 124 14 16 15 19
113 8 10 118 15 9 4 10 4
114 12 10 16 220 15 9 15 15
115 10 11 164 117 6 3 12 4
116 17 14 138 40 6 5 10 5
117 12 5 76 118 8 3 10 4
118 11 11 185 579 9 1 10 1
119 10 10 153 72 12 7 19 15
120 11 16 14 69 18 18 19 19
121 10 16 169 80 8 4 12 5
122 12 10 164 91 6 2 10 5
123 11 13 61 46 1 13 18 16
124 8 9 62 30 11 17 12 19
125 10 9 96 28 8 1 12 3
126 7 16 54 40 15 19 16 19
127 8 11 82 146 7 2 11 5
128 4 11 184 62 6 4 9 4
129 9 9 141 116 8 1 11 4
130 7 8 140 75 15 14 18 15
131 9 6 35 148 1 1 17 3
132 14 8 195 1081 7 4 8 4
133 10 13 15 133 9 4 9 5
134 14 10 70 664 13 5 19 6
135 13 7 61 100 6 2 9 5
136 7 10 178 30 9 3 9 4
137 7 12 163 1150 6 4 11 4
138 15 5 58 131 9 4 11 4
139 12 15 4 111 9 18 11 18
140 4 7 173 45 2 11 18 11
141 11 11 19 111 10 8 10 15
142 6 10 96 107 7 5 10 5
143 11 10 182 548 9 0 9 2
144 4 11 26 609 6 0 9 0
145 9 11 153 13 6 5 9 5
146 8 9 97 424 9 3 10 4
147 6 11 19 136 8 0 12 1
148 7 17 85 94 6 2 10 4
149 5 6 122 91 6 2 10 5
150 8 15 93 149 9 5 12 5
151 7 11 177 2429 15 9 16 12
152 9 11 108 762 6 4 12 4
153 10 6 137 37 11 19 13 19
154 5 8 165 120 9 1 11 5
155 9 5 176 110 8 0 11 3
156 12 12 21 46 7 1 12 5
157 6 10 112 27 9 2 9 2
158 9 8 189 313 6 1 12 4
159 8 8 168 778 14 13 18 16
160 12 10 71 26 8 2 11 3
161 7 10 125 109 9 2 11 5
162 5 5 180 31 7 1 9 3
163 12 12 36 45 6 3 10 5
164 2 8 44 45 6 2 9 2
165 7 10 98 136 6 5 12 5
166 8 10 7 183 7 3 10 5
167 9 4 140 78 11 1 19 15
168 0 7 26 73 9 2 12 4
169 10 8 30 752 6 4 10 4
170 11 4 15 147 7 4 11 5
171 13 8 173 571 8 4 18 8
172 10 15 63 135 7 3 12 4
173 15 12 196 1855 11 15 18 17
174 4 6 187 1738 7 4 9 5
175 10 13 54 82 8 2 12 2
176 14 11 117 1123 9 1 12 2
177 12 8 70 1538 7 0 10 3
178 6 6 193 34 6 1 9 5
179 10 14 2 1503 13 4 18 19
180 12 11 187 526 4 4 16 8
181 13 11 156 64 8 4 12 5
182 10 8 25 543 6 1 11 2
183 9 11 141 82 0 6 9 14
184 8 8 100 395 9 3 10 5
185 6 7 3 43 6 4 11 4
186 10 1 197 2002 7 0 10 0
187 13 8 73 116 6 5 9 5
188 9 12 130 49 6 2 9 5
189 9 3 14 39 9 5 11 5
190 13 13 179 1816 16 5 18 10
191 14 14 68 180 6 4 11 4
192 9 19 160 1732 9 4 12 4
193 8 11 26 39 9 0 9 1
194 13 10 38 19 6 2 10 3
195 5 12 69 40 9 1 10 5
196 18 9 17 89 6 2 9 3
197 8 15 189 136 6 17 17 17
198 14 16 6 12 0 9 12 10
199 12 19 107 295 2 7 3 15
200 3 13 117 247 6 4 9 4