5 5 10 50
0 0 517.68 9
1 0 669.15 0
2 0 783.39 3
3 0 630.81 4
4 0 532.84 3
0 1 480.43 1
1 1 566.24 2
2 1 638.62 5
3 1 566.04 4
4 1 487.96 7
0 2 391.60 3
1 2 471.95 5
2 2 527.88 5
3 2 490.53 6
4 2 400.79 8
0 3 262.63 5
1 3 367.81 7
2 3 340.10 8
3 3 316.18 9
4 3 282.18 9
0 4 163.78 9
1 4 178.22 9
2 4 193.35 0
3 4 220.49 2
4 4 173.13 2
1 1 1 2 30 0 2 3 3
2 1 1 23 28 2 0 2 0
3 0 4 40 482 0 0 1 2
4 2 2 36 137 1 0 2 0
5 2 3 16 112 2 0 3 0
6 2 2 10 26 1 0 3 0
7 2 1 17 85 1 0 2 0
8 2 2 40 60 2 0 2 0
9 4 2 19 730 0 0 3 4
10 2 2 30 690 3 4 3 4