1 1
275 27 6 42
2 1
174 34 22 178
3 1
57 23 1 76
4 2
153 47 36 316.660000
154 47 36 180.340000
5 1
277 30 8 456
6 2
398 10 27 440.270000
399 10 27 144.730000
7 4
228 32 12 650.560000
229 32 12 650.560000
230 32 12 650.560000
237 32 12 234.320000
8 1
225 13 18 116
9 1
366 24 11 64
10 2
61 19 13 624.690000
62 19 13 60.310000
11 1
75 25 26 22
12 1
1 30 12 21
13 2
310 42 26 410.220000
311 42 26 210.780000
14 1
319 30 9 554
15 1
292 32 4 89
16 3
387 32 3 732.490000
388 32 3 732.490000
389 32 3 502.020000
17 2
9 19 12 641.060000
10 19 12 101.940000
18 1
174 21 4 145
19 2
93 43 23 428.020000
94 43 23 35.980000
20 3
365 30 10 678.690000
366 30 10 678.690000
367 30 10 240.620000
21 4
64 37 36 344.560000
65 37 36 344.560000
66 37 36 344.560000
67 37 36 256.320000
22 1
64 25 7 114
23 1
345 22 13 42
24 1
72 22 14 72
25 1
318 28 13 10
26 1
110 25 9 21
27 1
71 22 15 120
28 1
232 24 4 92
29 2
243 23 15 646.690000
250 23 15 172.310000
30 1
337 19 14 123
31 1
356 28 14 529
32 2
366 26 15 627.680000
367 26 15 150.320000
33 1
360 40 23 350
34 1
285 22 8 54
35 1
268 44 36 173
36 1
2 20 26 23
37 1
253 32 14 67
38 1
45 29 25 67
39 2
326 38 40 325.650000
327 38 40 266.350000
40 1
243 33 19 23
41 1
321 25 44 212
42 3
226 25 6 751.180000
227 25 6 751.180000
228 25 6 547.640000
43 4
205 31 14 640.680000
206 31 14 640.680000
213 31 14 640.680000
214 31 14 417.960000
44 1
317 27 4 16
45 2
304 28 11 677.850000
305 28 11 58.150000
46 1
96 20 13 25
47 1
74 24 4 97
48 1
287 40 23 60
49 1
356 38 39 94
50 1
232 24 14 136
51 1
376 24 11 106
52 1
58 26 9 102
53 1
368 26 9 72
54 1
194 33 24 96
55 1
269 11 12 121
56 1
193 16 48 119
57 1
77 32 17 436
58 4
314 28 15 586.080000
315 28 15 624.080000
316 28 15 624.080000
317 28 15 6.760000
59 1
271 24 9 136
60 1
120 28 4 106
61 1
266 26 15 129
62 1
254 21 11 55
63 1
281 23 9 68
64 1
170 27 8 80
65 1
177 48 30 113
66 1
203 32 14 63
67 1
96 24 11 116
68 1
156 30 14 513
69 1
16 24 11 488
70 1
246 25 6 125
71 1
354 22 9 353
72 3
234 24 13 538.960000
235 24 13 674.480000
236 24 13 647.560000
73 1
214 28 15 361
74 1
300 29 12 138
75 2
204 33 29 469.520000
205 33 29 16.480000
76 1
330 28 8 86
77 1
239 27 9 34
78 1
342 32 19 65
79 1
392 24 14 52
80 1
384 26 16 112
81 1
169 27 14 128
82 1
83 24 13 252
83 1
346 32 13 55
84 1
267 20 9 36
85 1
393 30 0 394
86 6
342 42 46 108.845000
348 42 46 217.690000
349 42 46 217.690000
350 42 46 217.690000
351 42 46 217.690000
358 42 46 17.395000
87 1
168 34 21 63
88 4
88 26 14 638.930000
89 26 14 638.930000
90 26 14 638.930000
91 26 14 222.210000
89 1
332 25 9 373
90 1
327 31 7 44
91 1
229 27 3 69
92 1
387 20 9 290
93 1
372 24 14 94
94 1
117 27 11 72
95 3
322 21 7 717.280000
329 21 7 717.280000
330 21 7 371.440000
96 1
284 28 10 70
97 1
91 23 30 124
98 1
196 26 15 139
99 1
42 24 14 147
100 1
289 21 12 289
101 1
371 47 24 116
102 1
36 22 13 277
103 1
178 26 9 104
104 1
185 17 11 47
105 4
84 18 10 647.250000
85 18 10 647.250000
86 18 10 647.250000
87 18 10 436.250000
106 1
86 30 14 459
107 2
372 22 25 509.940000
373 22 25 226.060000
108 1
204 6 6 322
109 1
151 22 15 533
110 1
290 48 23 210
111 1
55 23 7 450
112 1
248 24 6 212
113 1
308 30 38 78
114 1
176 20 13 102
115 1
357 25 10 45
116 1
341 19 11 58
117 1
348 27 29 112
118 1
53 41 10 349
119 1
344 21 15 129
120 1
337 25 11 179
121 2
343 21 10 696.430000
344 21 10 0.570000
122 3
307 31 13 636.750000
308 31 13 636.750000
309 31 13 228.500000
123 1
45 25 26 58
124 1
295 30 10 147
125 1
66 30 14 66
126 1
112 29 12 82
127 1
361 23 11 65
128 1
375 49 31 203
129 1
82 20 15 96
130 3
145 29 14 69.340000
146 29 14 603.340000
147 29 14 38.320000
131 1
339 27 9 644
132 1
375 24 2 301
133 1
26 22 7 96
134 1
154 42 49 106
135 1
140 25 15 12
136 1
294 35 32 34
137 4
166 23 13 667.630000
167 23 13 667.630000
168 23 13 667.630000
175 23 13 425.110000
138 1
275 20 29 41
139 1
228 23 8 281
140 1
156 42 27 118
141 1
150 29 7 135
142 1
19 38 23 370
143 3
216 23 14 632
223 23 14 644
224 23 14 46
144 4
355 40 45 226.270000
356 40 45 226.270000
357 40 45 226.270000
364 40 45 115.190000
145 1
262 18 7 49
146 1
56 27 10 94
147 2
5 25 12 666.830000
6 25 12 588.170000
148 5
251 24 38 98.160000
252 24 38 353.960000
253 24 38 353.960000
254 24 38 353.960000
255 24 38 353.960000
149 1
384 29 5 146
150 3
80 33 40 341.820000
81 33 40 341.820000
82 33 40 47.360000
151 1
317 29 18 122
152 1
368 28 13 88
153 1
44 28 15 52
154 2
265 25 12 596.830000
266 25 12 62.170000
155 4
385 47 15 498.940000
386 47 15 498.940000
387 47 15 498.940000
388 47 15 173.180000
156 1
229 15 24 144
157 1
26 30 29 105
158 1
149 27 9 368
159 1
237 17 11 24
160 1
370 25 9 35
161 1
79 28 13 631
162 1
230 18 12 45
163 1
68 30 9 18
164 1
349 18 3 112
165 1
176 25 12 70
166 1
42 18 22 306
167 1
126 38 39 131
168 1
326 27 10 285
169 1
26 30 9 69
170 1
56 21 13 509
171 1
381 27 23 436
172 1
157 32 12 43
173 2
196 23 8 725.590000
197 23 8 291.410000
174 1
38 48 34 87
175 1
284 29 45 98
176 1
218 26 9 15
177 1
355 25 12 136
178 1
399 25 14 62
179 1
134 22 9 424
180 1
75 25 12 286
181 1
326 35 46 31
182 1
167 15 26 12
183 1
398 29 28 107
184 1
322 22 11 49
185 2
97 28 9 671.840000
98 28 9 61.160000
186 1
202 27 12 296
187 1
384 24 3 106
188 1
74 25 47 12
189 1
73 29 30 123
190 1
136 23 13 195
191 1
120 25 15 443
192 1
146 24 6 40
193 1
92 20 6 458
194 1
135 18 20 29
195 2
244 18 25 505.020000
245 18 25 81.980000
196 1
197 29 13 133
197 1
282 30 11 146
198 1
397 24 11 32
199 3
56 23 14 644
63 23 14 644
64 23 14 227
200 1
219 16 24 24
201 2
191 31 5 713.880000
192 31 5 303.120000
202 9
125 26 48 247.970000
126 26 48 123.985000
132 26 48 247.970000
133 26 48 247.970000
134 26 48 247.970000
135 26 48 247.970000
142 26 48 247.970000
143 26 48 247.970000
144 26 48 105.225000
203 3
270 28 44 251.640000
277 28 44 251.640000
278 28 44 67.720000
204 4
330 23 15 646.690000
331 23 15 646.690000
332 23 15 646.690000
333 23 15 397.930000
205 2
285 21 9 696.930000
286 21 9 38.070000
206 1
64 31 14 24
207 1
334 21 10 52
208 1
308 25 5 71
209 1
160 23 15 183
210 3
158 28 24 511.720000
159 28 24 511.720000
160 28 24 506.560000
211 2
66 32 32 403.100000
67 32 32 163.900000
212 1
245 25 12 84
213 1
349 32 46 51
214 1
148 19 14 120
215 1
296 20 9 13
216 1
151 26 14 522
217 1
390 43 21 45
218 1
320 29 12 525
219 3
352 22 4 758.490000
353 22 4 758.490000
354 22 4 601.020000
220 1
82 24 14 67
221 1
244 25 27 260
222 1
179 22 11 131
223 5
290 26 28 486.080000
291 26 28 486.080000
292 26 28 486.080000
293 26 28 486.080000
300 26 28 86.680000
224 1
11 25 5 79
225 1
365 24 2 64
226 1
385 23 13 579
227 1
5 29 10 60
228 1
76 30 14 114
229 7
49 26 34 185.225000
50 26 34 370.450000
51 26 34 370.450000
52 26 34 370.450000
53 26 34 370.450000
60 26 34 370.450000
61 26 34 289.525000
230 1
107 20 9 13
231 1
358 19 14 115
232 1
94 28 15 51
233 1
51 24 9 36
234 3
283 24 13 674.480000
284 24 13 674.480000
285 24 13 360.040000
235 1
195 25 12 41
236 1
260 27 13 77
237 1
191 26 13 91
238 1
28 24 20 42
239 1
224 28 10 42
240 4
224 26 11 684.790000
225 26 11 684.790000
226 26 11 684.790000
227 26 11 322.630000
241 1
66 21 13 101
242 1
193 24 4 80
243 1
55 17 11 334
244 4
213 29 15 552.380000
214 29 15 601.380000
215 29 15 601.380000
216 29 15 325.860000
245 1
93 29 15 18
246 1
65 27 11 173
247 1
73 26 7 42
248 1
239 21 13 141
249 2
146 21 13 664.730000
147 21 13 86.270000
250 1
166 19 9 119
251 1
261 25 9 145
252 3
125 22 3 748.780000
126 22 3 748.780000
127 22 3 647.440000
253 1
169 36 25 92
254 1
52 18 12 29
255 1
252 24 14 117
256 6
145 16 26 231.510000
146 16 26 463.020000
147 16 26 463.020000
148 16 26 463.020000
149 16 26 463.020000
156 16 26 320.410000
257 1
274 28 11 166
258 1
40 21 7 22
259 2
116 29 9 708.840000
117 29 9 112.160000
260 1
188 19 9 11
261 1
138 26 14 107
262 1
385 32 13 115
263 1
164 21 11 33
264 1
336 24 6 229
265 3
199 48 48 178.280000
200 48 48 178.280000
201 48 48 6.440000
266 1
259 21 12 522
267 1
84 25 7 36
268 1
15 25 12 100
269 1
221 26 13 429
270 1
306 24 6 142
271 1
300 30 12 253
272 1
354 27 1 358
273 1
318 26 9 71
274 1
9 25 15 15
275 1
180 30 2 135
276 2
116 7 47 221.070000
123 7 47 78.930000
277 1
279 19 14 103
278 2
311 10 26 461.740000
312 10 26 219.260000
279 4
255 27 16 618.850000
256 27 16 618.850000
257 27 16 618.850000
258 27 16 125.450000
280 2
327 32 8 666.720000
328 32 8 124.280000
281 1
173 31 14 80
282 1
291 31 11 83
283 1
149 23 11 87
284 1
303 24 8 11
285 1
257 45 21 49
286 1
150 18 12 100
287 1
305 20 16 92
288 4
156 29 25 520.890000
157 29 25 520.890000
158 29 25 520.890000
165 29 25 397.330000
289 1
51 28 12 90
290 4
236 20 13 646.890000
237 20 13 646.890000
238 20 13 646.890000
239 20 13 3.330000
291 3
297 21 48 238.390000
298 21 48 238.390000
299 21 48 229.220000
292 1
239 8 23 127
293 1
149 23 11 25
294 1
253 23 15 49
295 1
310 23 15 73
296 2
209 35 39 337.640000
210 35 39 52.360000
297 1
66 21 13 57
298 1
53 23 14 80
299 1
64 24 12 460
300 2
142 16 13 642.060000
143 16 13 481.940000
301 1
336 22 12 96
302 1
247 32 8 56
303 1
303 24 8 113
304 1
347 22 13 70
305 1
19 25 10 533
306 1
326 22 8 408
307 2
99 23 11 641.420000
100 23 11 207.580000
308 1
396 25 6 28
309 1
183 29 40 45
310 1
65 30 10 270
311 1
128 28 39 50
312 1
256 31 8 149
313 1
102 24 14 45
314 1
314 30 10 19
315 2
372 22 14 613.410000
373 22 14 258.590000
316 2
116 22 12 636.410000
117 22 12 276.590000
317 1
394 24 12 587
318 1
99 27 14 70
319 1
274 18 6 13
320 1
22 28 27 72
321 1
41 22 15 136
322 1
399 20 3 72
323 1
319 33 31 290
324 1
372 20 15 390
325 1
301 28 12 31
326 1
106 24 11 146
327 1
172 33 39 65
328 1
376 43 37 109
329 1
395 21 8 540
330 1
43 24 8 85
331 1
334 24 12 41
332 3
242 16 13 642.060000
243 16 13 642.060000
244 16 13 249.880000
333 1
312 22 15 122
334 1
317 25 10 189
335 1
366 19 9 14
336 1
265 25 12 70
337 1
12 41 30 95
338 2
24 21 11 656.240000
31 21 11 98.760000
339 1
337 15 36 30
340 1
375 17 15 23
341 1
153 23 14 102
342 3
185 23 7 689.560000
186 23 7 689.560000
187 23 7 567.880000
343 1
64 26 11 567
344 2
215 23 14 644
216 23 14 12
345 1
394 29 5 35
346 1
271 27 9 100
347 1
172 20 15 21
348 1
148 37 14 56
349 1
189 28 4 92
350 1
291 27 32 140
351 7
73 46 27 202.610000
74 46 27 405.220000
75 46 27 405.220000
76 46 27 405.220000
77 46 27 405.220000
84 46 27 405.220000
85 46 27 75.290000
352 3
161 22 15 638.970000
162 22 15 638.970000
163 22 15 105.060000
353 1
132 24 14 69
354 2
20 23 15 646.690000
21 23 15 55.310000
355 1
293 20 45 42
356 3
134 46 27 405.220000
135 46 27 405.220000
136 46 27 269.560000
357 2
372 31 10 651.120000
373 31 10 468.880000
358 1
22 18 7 143
359 1
114 30 10 305
360 1
267 30 8 10
361 1
314 28 11 99
362 1
322 21 10 133
363 1
342 30 11 476
364 1
307 30 9 447
365 1
162 25 15 118
366 1
157 23 13 320
367 2
11 49 41 253.730000
12 49 41 237.270000
368 1
102 17 22 111
369 1
376 33 32 170
370 1
145 25 12 403
371 4
43 48 1 533.350000
44 48 1 533.350000
45 48 1 533.350000
52 48 1 232.950000
372 4
78 24 20 581.790000
79 24 20 581.790000
80 24 20 581.790000
81 24 20 258.630000
373 1
140 23 5 740
374 1
247 31 13 139
375 1
233 29 30 111
376 1
77 30 8 34
377 1
242 27 13 69
378 1
22 24 48 114
379 1
334 23 14 133
380 1
6 23 13 52
381 1
249 25 14 117
382 1
140 22 10 105
383 1
366 19 9 130
384 1
165 19 44 218
385 1
234 26 12 629
386 1
140 20 12 119
387 2
105 21 9 696.930000
106 21 9 415.070000
388 1
267 21 8 94
389 5
110 25 15 605.230000
111 25 15 605.230000
112 25 15 605.230000
119 25 15 605.230000
120 25 15 24.080000
390 1
26 19 5 118
391 1
200 23 15 143
392 1
223 30 12 74
393 1
239 27 14 118
394 1
8 29 8 59
395 1
6 24 11 431
396 1
18 18 3 126
397 1
365 23 14 43
398 3
143 21 44 301.680000
144 21 44 301.680000
145 21 44 174.640000
399 1
90 30 2 103
400 1
77 29 13 604
401 1
4 23 3 40
402 1
47 13 41 15
403 1
127 47 19 58
404 1
145 20 29 67
405 1
50 33 40 99
406 1
198 27 15 121
407 1
380 27 13 365
408 1
95 24 13 92
409 1
4 26 12 96
410 5
385 30 15 583.890000
386 30 15 583.890000
387 30 15 583.890000
394 30 15 583.890000
395 30 15 121.440000
411 1
174 24 32 20
412 2
295 20 14 609.310000
296 20 14 64.690000
413 1
170 25 15 242
414 1
75 24 13 464
415 1
286 24 13 132
416 1
238 26 14 34
417 1
373 24 8 146
418 2
175 25 17 619.720000
176 25 17 143.280000
419 1
154 22 15 56
420 1
215 31 29 142
421 1
213 23 14 476
422 1
205 23 13 585
423 1
186 21 4 584
424 1
302 17 2 126
425 1
28 24 10 74
426 1
233 24 13 38
427 1
64 29 45 120
428 1
375 23 13 20
429 1
51 30 12 30
430 1
370 30 32 120
431 2
126 19 9 695.180000
127 19 9 41.820000
432 1
204 22 15 79
433 1
308 29 8 34
434 1
311 17 9 94
435 1
227 22 13 137
436 1
41 29 11 98
437 4
241 25 13 621.840000
242 25 13 621.840000
243 25 13 621.840000
244 25 13 213.480000
438 2
381 25 13 621.840000
382 25 13 78.160000
439 1
149 25 15 560
440 1
323 24 13 91
441 1
230 16 14 112
442 1
303 24 13 115
443 1
306 21 15 15
444 1
308 26 24 140
445 1
366 27 15 85
446 1
123 24 13 138
447 4
384 24 12 555.930000
385 24 12 648.930000
386 24 12 648.930000
387 24 12 332.210000
448 1
372 28 46 146
449 1
372 22 4 140
450 1
298 26 14 323
451 1
328 49 28 135
452 1
236 22 18 19
453 1
186 26 15 50
454 1
65 24 13 543
455 1
133 24 13 142
456 1
193 30 30 53
457 1
175 27 11 303
458 1
6 47 30 144
459 2
168 36 25 501.130000
169 36 25 195.870000
460 1
132 20 10 400
461 1
380 24 20 26
462 1
390 22 40 147
463 2
42 26 13 652.750000
43 26 13 100.250000
464 2
226 23 13 667.630000
227 23 13 132.370000
465 1
96 19 34 82
466 1
257 19 15 56
467 1
223 26 7 603
468 1
256 25 6 130
469 1
87 31 13 50
470 1
241 22 11 104
471 1
391 21 11 113
472 1
363 24 13 75
473 1
288 25 5 138
474 1
369 32 46 21
475 1
300 25 9 500
476 1
37 9 28 115
477 1
125 23 4 76
478 1
378 24 20 124
479 1
101 26 13 75
480 1
252 32 29 25
481 1
259 23 11 147
482 1
59 27 14 32
483 1
239 23 10 48
484 1
222 18 7 85
485 1
116 22 7 146
486 1
93 34 18 20
487 1
337 27 49 118
488 1
227 30 8 16
489 1
395 35 17 33
490 1
250 25 14 91
491 4
233 25 28 471.800000
234 25 28 471.800000
235 25 28 471.800000
236 25 28 162.600000
492 1
222 39 41 68
493 1
140 26 4 21
494 1
242 42 24 364
495 1
89 42 26 48
496 1
108 24 10 77
497 2
74 46 16 480.720000
75 46 16 55.280000
498 2
47 30 14 623.890000
48 30 14 13.110000
499 1
0 29 7 75
500 1
292 9 42 282
501 1
144 24 14 381
502 1
216 26 15 185
503 4
326 26 15 627.680000
327 26 15 627.680000
328 26 15 627.680000
329 26 15 543.960000
504 1
321 22 15 113
505 1
395 29 14 57
506 1
269 21 6 119
507 1
62 32 14 505
508 1
261 29 33 66
509 1
24 16 12 68
510 1
330 27 8 305
511 1
151 38 17 117
512 2
285 24 13 314.440000
286 24 13 462.560000
513 1
392 27 12 72
514 1
119 25 14 561
515 1
7 18 14 144
516 1
314 26 16 499
517 1
87 18 9 134
518 2
309 36 24 495.510000
310 36 24 160.490000
519 1
370 29 2 140
520 1
124 31 14 594
521 1
330 29 37 40
522 2
202 36 33 400.820000
203 36 33 199.180000
523 1
321 23 10 16
524 1
14 22 9 74
525 1
235 22 13 51
526 1
256 25 21 147
527 1
207 27 45 57
528 1
186 21 13 92
529 1
316 42 23 242
530 1
203 23 14 85
531 2
79 27 14 631.460000
80 27 14 24.540000
532 1
6 26 35 133
533 1
271 45 28 109
534 1
121 21 5 44
535 1
261 39 46 36
536 1
283 24 14 425
537 3
89 24 15 597.220000
90 24 15 597.220000
91 24 15 523.560000
538 1
369 32 46 178
539 1
231 30 12 87
540 1
3 24 13 516
541 1
307 25 10 56
542 1
358 25 10 114
543 1
362 27 12 242
544 1
173 32 9 413
545 2
272 24 4 753.090000
273 24 4 715.910000
546 1
93 29 35 34
547 1
396 27 15 605
548 2
55 31 14 640.680000
56 31 14 39.320000
549 1
172 29 42 150
550 1
122 24 9 113
551 1
269 27 9 143
552 1
150 23 15 121
553 1
204 44 33 83
554 1
300 25 0 54
555 2
186 33 32 426.240000
187 33 32 167.760000
556 3
111 45 23 441.190000
112 45 23 441.190000
113 45 23 297.620000
557 1
327 26 5 540
558 1
171 19 6 68
559 1
136 20 13 89
560 1
102 24 14 12
561 1
326 21 9 650
562 1
355 22 48 82
563 1
105 17 15 137
564 1
198 29 9 27
565 1
257 23 8 365
566 1
89 23 5 207
567 1
336 27 11 601
568 4
164 30 5 725.400000
165 30 5 725.400000
166 30 5 725.400000
167 30 5 25.800000
569 1
24 24 12 389
570 2
18 41 18 512.390000
25 41 18 124.610000
571 1
349 22 11 615
572 1
89 31 27 75
573 1
235 25 22 68
574 1
213 29 12 109
575 1
112 35 48 103
576 1
201 19 7 613
577 1
337 15 36 56
578 1
382 22 14 112
579 1
67 8 9 145
580 1
29 25 15 515
581 1
161 27 9 131
582 2
77 26 15 627.680000
78 26 15 155.320000
583 1
58 25 12 605
584 1
11 37 28 102
585 1
345 15 11 31
586 1
78 25 45 60
587 3
254 22 9 703
255 22 9 703
256 22 9 602
588 1
12 20 15 23
589 1
388 22 7 95
590 1
197 19 14 79
591 1
177 23 13 135
592 1
262 20 15 281
593 1
121 47 39 12
594 1
235 26 7 37
595 4
46 23 8 725.590000
47 23 8 725.590000
48 23 8 725.590000
55 23 8 244.230000
596 1
243 23 14 136
597 1
32 21 10 30
598 1
64 48 21 341
599 1
307 19 8 65
600 7
31 24 48 125.220000
32 24 48 250.440000
33 24 48 250.440000
34 24 48 250.440000
35 24 48 250.440000
42 24 48 250.440000
43 24 48 126.580000
601 1
366 25 12 32
602 1
251 21 5 135
603 1
239 21 6 113
604 1
12 40 25 107
605 1
344 30 15 338
606 1
256 26 15 150
607 1
249 19 9 258
608 1
111 26 13 465
609 1
145 25 12 42
610 1
167 19 14 90
611 1
65 39 15 68
612 1
160 23 15 301
613 1
372 17 23 59
614 4
324 30 25 476.010000
325 30 25 476.010000
326 30 25 476.010000
327 30 25 100.970000
615 1
160 38 22 58
616 1
99 27 9 73
617 5
12 24 29 478.510000
13 24 29 478.510000
14 24 29 478.510000
21 24 29 478.510000
22 24 29 203.960000
618 1
80 29 27 37
619 1
165 22 13 484
620 1
222 24 14 93
621 4
261 31 11 622.800000
262 31 11 622.800000
263 31 11 622.800000
264 31 11 399.600000
622 1
366 29 9 101
623 1
213 23 14 49
624 1
133 30 1 721
625 1
79 23 11 477
626 2
212 31 10 651.120000
213 31 10 101.880000
627 1
189 22 11 111
628 1
81 19 12 75
629 1
228 19 9 141
630 1
106 43 37 86
631 1
320 24 5 74
632 1
106 26 15 93
633 2
342 24 14 160.120000
343 24 14 620.880000
634 1
2 27 12 50
635 1
146 23 17 185
636 1
104 35 7 17
637 1
296 32 47 173
638 3
197 26 5 762.480000
198 26 5 762.480000
199 26 5 293.040000
639 1
34 22 23 82
640 1
120 27 44 21
641 3
384 28 15 624.080000
385 28 15 624.080000
386 28 15 296.840000
642 1
374 18 15 505
643 1
347 25 10 148
644 1
240 22 40 52
645 1
382 17 17 45
646 2
278 32 7 655.230000
279 32 7 356.770000
647 1
250 19 12 105
648 1
352 21 10 614
649 1
157 27 0 63
650 1
95 29 14 27
651 1
179 24 15 588
652 1
131 49 27 108
653 1
352 48 31 189
654 1
371 22 15 34
655 1
362 22 14 570
656 1
359 24 11 147
657 1
231 21 5 447
658 1
2 21 25 55
659 1
252 22 14 39
660 6
220 23 34 184.675000
221 23 34 369.350000
222 23 34 369.350000
223 23 34 369.350000
224 23 34 369.350000
231 23 34 212.925000
661 1
225 23 13 26
662 2
62 31 15 614.450000
63 31 15 361.550000
663 1
336 26 15 20
664 2
31 23 15 635.380000
32 23 15 51.620000
665 1
245 25 11 636
666 2
36 24 11 671.620000
37 24 11 0.380000
667 1
212 26 48 67
668 6
202 33 28 223.170000
203 33 28 446.340000
204 33 28 446.340000
205 33 28 446.340000
206 33 28 446.340000
213 33 28 166.470000
669 1
65 41 19 140
670 1
227 49 49 31
671 1
237 19 14 97
672 1
197 31 13 45
673 1
129 22 11 83
674 1
157 18 14 115
675 1
185 37 17 62
676 1
326 22 8 96
677 1
292 20 15 75
678 1
130 27 13 150
679 1
321 22 5 131
680 2
27 32 8 666.720000
28 32 8 276.280000
681 2
351 28 8 690.590000
352 28 8 39.410000
682 1
322 10 35 100
683 1
196 21 4 51
684 1
123 23 14 327
685 1
310 23 15 69
686 1
314 30 10 428
687 1
198 30 9 105
688 1
207 23 8 69
689 1
200 17 8 15
690 1
187 24 6 311
691 1
391 24 9 50
692 1
76 18 26 81
693 1
47 26 5 55
694 1
310 32 15 253
695 1
371 24 9 57
696 1
259 23 11 52
697 1
125 24 13 73
698 1
255 35 41 148
699 1
367 19 15 74
700 1
308 26 14 39
701 1
103 24 13 300
702 1
224 30 10 129
703 1
74 31 14 85
704 2
263 27 12 621.140000
264 27 12 18.860000
705 1
78 32 11 25
706 1
315 17 15 82
707 1
341 22 15 139
708 1
326 21 13 351
709 1
69 31 36 116
710 1
2 24 14 188
711 3
344 27 46 267.560000
345 27 46 267.560000
346 27 46 84.880000
712 1
132 32 9 94
713 1
266 26 15 72
714 1
257 21 22 23
715 1
115 44 32 306
716 1
290 23 5 316
717 1
213 21 15 529
718 1
120 19 2 52
719 1
6 44 12 33
720 1
71 24 9 101
721 2
300 23 15 646.690000
301 23 15 233.310000
722 2
315 30 10 678.690000
316 30 10 98.310000
723 1
55 19 15 440
724 1
150 18 42 117
725 2
361 14 29 450.340000
362 14 29 300.660000
726 1
394 27 26 71
727 1
373 41 24 63
728 4
31 22 15 638.970000
32 22 15 638.970000
33 22 15 638.970000
34 22 15 528.090000
729 1
233 24 8 118
730 1
171 17 8 71
731 1
325 23 8 105
732 2
377 38 39 326.130000
378 38 39 223.870000
733 1
21 19 11 150
734 1
33 38 26 128
735 1
136 42 27 19
736 1
114 24 13 111
737 1
378 42 31 88
738 1
147 25 6 109
739 1
334 23 14 35
740 1
221 25 34 249
741 1
62 26 13 395
742 1
392 21 11 140
743 1
96 39 14 168
744 1
354 28 15 99
745 1
109 47 18 133
746 1
399 24 1 109
747 6
181 41 26 417.380000
182 41 26 417.380000
189 41 26 417.380000
190 41 26 417.380000
191 41 26 417.380000
192 41 26 74.100000
748 2
237 25 6 751.180000
238 25 6 244.820000
749 1
372 40 25 183
750 1
25 22 13 457
751 1
42 21 0 137
752 3
366 39 24 473.780000
367 39 24 473.780000
368 39 24 133.440000
753 1
393 27 1 56
754 1
386 45 36 150
755 1
207 19 3 580
756 3
301 29 7 723.710000
302 29 7 723.710000
303 29 7 328.580000
757 2
129 24 15 597.220000
130 24 15 546.780000
758 1
377 24 11 140
759 1
220 18 23 59
760 1
297 33 7 277
761 1
132 21 45 40
762 1
27 23 36 44
763 2
357 17 14 597.430000
358 17 14 421.570000
764 1
188 22 7 142
765 1
341 21 5 135
766 1
31 29 7 127
767 1
218 28 13 145
768 1
142 24 4 79
769 1
196 25 12 140
770 1
139 4 36 89
771 1
126 40 33 145
772 1
395 25 12 97
773 1
128 19 14 354
774 3
166 21 13 664.730000
167 21 13 664.730000
168 21 13 158.540000
775 1
9 27 14 290
776 1
55 14 22 122
777 1
302 26 22 125
778 1
306 30 14 71
779 2
250 10 32 410.500000
251 10 32 160.500000
780 1
223 24 13 125
781 1
99 14 20 196
782 1
230 46 24 270
783 1
355 25 11 50
784 1
216 20 13 64
785 1
365 37 21 145
786 1
305 17 11 124
787 1
395 17 15 452
788 2
64 12 30 418.970000
65 12 30 277.030000
789 1
377 25 7 334
790 1
37 23 13 96
791 1
26 21 13 62
792 1
324 20 0 92
793 1
397 25 10 181
794 1
51 26 13 105
795 1
261 22 15 76
796 1
39 24 15 83
797 2
13 27 12 678.570000
14 27 12 221.430000
798 1
373 24 13 113
799 2
165 36 46 244.250000
166 36 46 222.750000
800 2
240 22 11 688.060000
241 22 11 536.940000
801 1
269 27 18 424
802 2
271 41 35 341.780000
272 41 35 72.220000
803 1
265 25 11 58
804 1
356 26 10 53
805 1
387 28 9 145
806 1
199 22 2 109
807 1
349 24 15 57
808 1
153 24 8 145
809 1
266 28 39 94
810 1
149 21 12 448
811 1
164 11 19 377
812 1
63 23 15 60
813 5
115 46 32 354.340000
116 46 32 354.340000
117 46 32 354.340000
124 46 32 354.340000
125 46 32 214.640000
814 2
167 49 10 477.680000
168 49 10 184.320000
815 1
15 25 7 116
816 2
331 39 46 256.140000
332 39 46 183.860000
817 1
348 25 12 98
818 1
269 27 14 37
819 1
71 23 39 53
820 1
234 24 12 29
821 1
24 18 15 96
822 1
60 15 34 14
823 4
311 22 5 727.920000
312 22 5 727.920000
313 22 5 727.920000
314 22 5 178.240000
824 1
92 30 11 498
825 1
248 16 14 46
826 2
157 49 24 422.110000
158 49 24 267.890000
827 1
281 26 3 114
828 1
354 28 11 22
829 1
231 25 15 52
830 1
307 16 12 126
831 1
326 23 13 488
832 1
99 21 7 37
833 1
28 23 13 131
834 1
111 21 11 68
835 1
336 33 42 82
836 1
294 34 37 150
837 2
224 18 15 612.880000
225 18 15 100.120000
838 1
9 27 14 35
839 1
61 22 15 423
840 2
23 21 11 37.430000
24 21 11 14.570000
841 2
202 18 7 676.500000
203 18 7 235.500000
842 1
314 30 10 16
843 1
322 22 15 92
844 1
321 23 15 66
845 10
83 46 48 197.170000
84 46 48 98.585000
90 46 48 197.170000
91 46 48 197.170000
92 46 48 197.170000
93 46 48 197.170000
100 46 48 197.170000
101 46 48 197.170000
102 46 48 197.170000
103 46 48 43.055000
846 4
179 19 12 641.060000
180 19 12 641.060000
181 19 12 641.060000
182 19 12 511.820000
847 4
312 32 9 684.190000
313 32 9 684.190000
314 32 9 684.190000
315 32 9 339.430000
848 1
232 27 12 90
849 1
44 26 12 318
850 1
122 32 14 91
851 1
38 25 10 88
852 4
261 28 4 759.700000
268 28 4 759.700000
269 28 4 759.700000
270 28 4 194.900000
853 1
53 47 42 46
854 1
82 27 23 147
855 1
87 43 28 135
856 1
118 25 45 39
857 1
293 18 12 15
858 1
209 22 11 113
859 2
337 22 13 636.220000
338 22 13 157.780000
860 1
229 32 6 113
861 1
290 27 13 20
862 1
282 17 17 42
863 1
277 21 13 74
864 1
267 17 14 236
865 2
182 22 14 613.410000
183 22 14 93.590000
866 1
13 39 46 107
867 1
196 22 13 121
868 4
383 16 13 642.060000
384 16 13 642.060000
385 16 13 642.060000
392 16 13 190.820000
869 8
188 43 48 206.740000
189 43 48 103.370000
195 43 48 206.740000
196 43 48 206.740000
197 43 48 206.740000
198 43 48 206.740000
205 43 48 206.740000
206 43 48 7.190000
870 1
351 17 12 277
871 1
271 24 9 60
872 1
143 19 36 66
873 1
40 22 10 57
874 1
87 19 14 66
875 1
191 32 10 135
876 1
395 20 14 67
877 1
249 24 15 491
878 1
48 18 24 93
879 1
214 18 10 144
880 1
76 24 11 37
881 1
65 22 8 25
882 1
263 23 14 99
883 1
395 26 6 125
884 1
172 19 13 81
885 2
150 29 27 500.030000
151 29 27 278.970000
886 1
7 27 5 464
887 1
63 29 15 27
888 1
217 20 13 252
889 1
251 17 13 66
890 1
264 24 8 104
891 1
54 22 9 214
892 1
6 27 15 116
893 1
243 29 15 126
894 1
185 24 13 288
895 1
345 26 36 71
896 1
64 28 15 618
897 4
14 39 47 232.600000
21 39 47 232.600000
22 39 47 232.600000
23 39 47 42.200000
898 1
377 31 7 29
899 2
190 34 20 553.240000
191 34 20 187.760000
900 1
62 28 7 136
901 1
130 23 15 137
902 2
225 31 15 614.450000
232 31 15 298.550000
903 1
169 24 5 142
904 1
374 28 15 54
905 1
292 20 15 105
906 1
385 22 13 20
907 1
295 16 46 98
908 1
298 28 13 99
909 1
263 36 32 60
910 1
47 26 5 557
911 1
360 25 9 45
912 8
92 28 46 276.860000
93 28 46 276.860000
94 28 46 276.860000
95 28 46 276.860000
102 28 46 276.860000
103 28 46 276.860000
104 28 46 276.860000
105 28 46 125.980000
913 2
389 14 20 555.910000
390 14 20 231.090000
914 2
274 20 5 721.220000
275 20 5 444.780000
915 4
51 43 40 266.720000
52 43 40 266.720000
53 43 40 266.720000
60 43 40 45.840000
916 1
6 30 4 44
917 1
358 30 13 99
918 1
177 49 14 137
919 1
217 25 6 148
920 2
380 27 28 464.560000
381 27 28 178.440000
921 2
254 28 15 624.080000
255 28 15 159.920000
922 1
64 26 7 37
923 2
17 19 14 627.330000
18 19 14 152.670000
924 3
319 19 12 641.060000
320 19 12 641.060000
321 19 12 423.880000
925 1
128 25 5 407
926 1
266 28 14 572
927 1
83 25 3 163
928 1
58 16 14 128
929 1
364 26 33 198
930 1
205 19 15 16
931 1
228 25 10 74
932 1
397 28 29 122
933 1
268 28 13 636
934 1
171 18 37 219
935 4
131 22 15 638.970000
132 22 15 638.970000
133 22 15 638.970000
134 22 15 416.090000
936 1
362 23 5 153
937 2
25 25 36 401
26 25 36 361
938 1
101 24 35 40
939 2
197 26 15 534.360000
198 26 15 111.640000
940 2
390 25 14 632.340000
391 25 14 44.660000
941 1
135 24 14 45
942 1
85 25 12 76
943 1
296 12 28 124
944 2
323 23 14 644
324 23 14 26
945 1
389 23 11 101
946 1
32 31 15 197
947 2
196 26 15 488.680000
197 26 15 73.320000
948 1
216 27 42 128
949 1
23 24 8 270
950 1
282 17 12 440
951 1
398 26 15 111
952 1
127 18 9 119
953 1
292 26 48 50
954 2
277 49 18 419.090000
278 49 18 317.910000
955 3
314 20 15 607.540000
315 20 15 607.540000
322 20 15 476.920000
956 1
230 25 9 172
957 1
300 27 13 73
958 1
208 26 9 73
959 1
11 31 22 81
960 2
335 20 14 609.310000
336 20 14 585.690000
961 1
382 24 38 26
962 1
23 29 15 10
963 1
211 39 33 67
964 1
216 19 15 73
965 1
160 29 2 93
966 3
307 28 44 251.640000
308 28 44 251.640000
309 28 44 135.720000
967 1
40 34 26 68
968 2
363 21 15 587.560000
364 21 15 155.440000
969 1
337 26 5 44
970 1
349 24 10 121
971 1
159 23 26 135
972 2
394 5 22 456.910000
395 5 22 211.090000
973 1
207 29 18 57
974 1
309 26 5 204
975 1
390 27 13 132
976 2
199 25 14 632.340000
200 25 14 328.660000
977 1
264 34 18 11
978 1
246 23 12 42
979 1
141 37 13 114
980 2
27 22 12 636.410000
28 22 12 3.590000
981 1
325 22 13 141
982 1
385 22 13 182
983 1
173 21 15 29
984 1
377 25 10 31
985 2
91 22 15 638.970000
92 22 15 79.030000
986 2
32 18 22 527.960000
33 18 22 18.040000
987 1
312 32 20 93
988 7
156 47 32 171.850000
162 47 32 343.700000
163 47 32 343.700000
164 47 32 343.700000
165 47 32 343.700000
172 47 32 343.700000
173 47 32 342.650000
989 1
244 24 17 27
990 1
184 24 8 146
991 1
360 23 15 478
992 1
319 23 11 145
993 1
246 21 13 45
994 1
383 24 13 54
995 1
290 42 26 265
996 3
290 45 35 310.680000
291 45 35 310.680000
292 45 35 55.640000
997 1
23 24 13 385
998 1
196 38 35 140
999 1
200 25 9 85
1000 1
286 30 13 72
1001 1
385 20 14 45
1002 1
102 26 22 127
1003 1
173 21 44 122
1004 1
344 18 15 225
1005 1
115 28 15 607
1006 1
189 27 9 120
1007 1
323 33 34 127
1008 1
325 15 21 134
1009 2
191 27 38 376.620000
192 27 38 238.380000
1010 1
68 32 11 101
1011 1
285 33 27 104
1012 1
60 22 11 33
1013 1
49 18 14 47
1014 1
246 27 10 125
1015 1
350 26 4 21
1016 1
254 7 41 14
1017 1
176 27 15 127
1018 1
315 23 7 81
1019 3
123 20 10 654.970000
124 20 10 654.970000
125 20 10 349.060000
1020 1
287 24 11 25
1021 2
336 28 14 604.370000
337 28 14 575.630000
1022 3
105 29 0 766.430000
106 29 0 766.430000
107 29 0 213.140000
1023 1
358 31 13 139
1024 1
72 21 11 115
1025 1
246 46 30 32
1026 1
42 24 9 28
1027 2
210 26 28 486.080000
211 26 28 142.920000
1028 1
129 18 13 117
1029 1
301 34 35 74
1030 1
118 32 6 86
1031 1
228 20 7 110
1032 1
289 28 3 18
1033 3
375 21 3 765.750000
376 21 3 765.750000
377 21 3 496.500000
1034 4
198 19 14 397.660000
199 19 14 627.330000
200 19 14 627.330000
207 19 14 553.680000
1035 1
86 37 21 104
1036 1
42 36 3 471
1037 1
358 28 13 263
1038 2
16 17 11 616.980000
17 17 11 37.020000
1039 1
181 21 1 103
1040 1
346 23 13 13
1041 1
109 26 5 82
1042 2
315 28 11 677.850000
316 28 11 30.150000
1043 4
19 24 15 597.220000
20 24 15 597.220000
21 24 15 597.220000
22 24 15 5.340000
1044 3
280 30 8 702.890000
287 30 8 702.890000
288 30 8 513.220000
1045 1
245 25 36 42
1046 1
191 22 11 552
1047 1
178 28 24 367
1048 1
275 26 11 57
1049 1
7 23 12 190
1050 1
276 25 6 74
1051 3
69 29 48 238.010000
70 29 48 238.010000
71 29 48 15.980000
1052 6
96 49 24 211.055000
97 49 24 422.110000
98 49 24 422.110000
99 49 24 422.110000
100 49 24 422.110000
107 49 24 115.505000
1053 1
123 44 29 55
1054 1
132 22 14 16
1055 1
82 26 13 11
1056 8
87 33 46 243.560000
88 33 46 243.560000
89 33 46 243.560000
90 33 46 243.560000
97 33 46 243.560000
98 33 46 243.560000
99 33 46 243.560000
100 33 46 169.080000
1057 2
226 20 13 38.890000
227 20 13 558.110000
1058 1
383 18 36 52
1059 2
395 44 17 515.150000
396 44 17 181.850000
1060 1
82 17 22 54
1061 1
266 26 15 132
1062 1
120 23 15 25
1063 1
384 21 4 26
1064 2
65 23 14 644
66 23 14 581
1065 1
184 24 12 255
1066 1
25 29 14 10
1067 3
299 23 11 688.420000
300 23 11 688.420000
301 23 11 523.160000
1068 1
353 26 7 455
1069 1
126 26 7 80
1070 1
107 19 14 13
1071 1
238 26 9 20
1072 3
185 21 8 722.460000
186 21 8 722.460000
187 21 8 545.080000
1073 1
101 37 22 58
1074 1
89 21 6 322
1075 1
210 35 24 97
1076 1
265 23 13 20
1077 4
364 18 10 647.250000
365 18 10 647.250000
366 18 10 647.250000
367 18 10 88.250000
1078 1
68 11 42 82
1079 1
127 19 28 185
1080 4
207 30 14 623.890000
208 30 14 623.890000
209 30 14 623.890000
216 30 14 400.330000
1081 1
300 40 32 78
1082 1
289 30 8 110
1083 1
41 26 13 172
1084 1
389 27 14 530
1085 1
6 28 11 44
1086 1
31 26 13 149
1087 1
158 22 7 125
1088 4
9 31 12 642.010000
10 31 12 642.010000
11 31 12 642.010000
18 31 12 195.970000
1089 1
189 27 9 81
1090 1
235 17 15 137
1091 1
354 31 14 47
1092 1
165 24 12 153
1093 2
36 24 1 798.590000
37 24 1 753.410000
1094 1
349 27 9 466
1095 1
299 33 31 372
1096 1
101 26 4 49
1097 1
248 22 42 105
1098 1
77 27 5 123
1099 1
355 21 39 66
1100 1
17 17 11 200
1101 1
61 23 15 61
1102 1
330 35 35 66
1103 1
256 48 34 121
1104 1
167 26 5 298
1105 1
326 33 42 74
1106 1
350 22 11 512
1107 1
202 19 41 132
1108 1
352 20 15 391
1109 4
76 25 12 666.830000
77 25 12 666.830000
78 25 12 666.830000
85 25 12 150.510000
1110 1
204 18 15 131
1111 1
185 42 23 54
1112 6
36 21 29 455.300000
37 21 29 455.300000
44 21 29 455.300000
45 21 29 455.300000
46 21 29 455.300000
47 21 29 92.500000
1113 1
50 32 15 64
1114 1
0 23 11 322
1115 1
69 27 14 464
1116 2
333 23 14 644
334 23 14 41
1117 1
308 28 13 598
1118 1
319 21 7 100
1119 1
197 19 8 674
1120 2
300 31 27 494.790000
301 31 27 353.210000
1121 1
148 16 14 10
1122 1
226 20 13 608
1123 1
356 20 13 488
1124 1
22 22 14 79
1125 1
332 24 14 107
1126 1
189 23 10 314
1127 1
317 28 15 95
1128 1
169 19 18 84
1129 1
62 26 18 72
1130 2
138 42 21 476.340000
139 42 21 211.660000
1131 1
215 42 19 65
1132 1
389 24 15 327
1133 1
178 19 4 115
1134 1
145 25 17 107
1135 1
378 26 14 267
1136 1
97 35 21 130
1137 1
139 19 12 58
1138 1
280 27 13 359
1139 1
18 30 7 618
1140 1
230 34 25 111
1141 1
333 30 1 46
1142 1
331 27 2 83
1143 1
83 20 35 103
1144 1
175 32 13 50
1145 1
8 25 5 37
1146 4
225 27 11 685.160000
226 27 11 685.160000
227 27 11 685.160000
228 27 11 161.520000
1147 1
397 24 11 90
1148 1
89 25 14 76
1149 3
67 23 8 725.590000
68 23 8 725.590000
75 23 8 454.820000
1150 1
338 19 14 532
1151 1
325 28 6 76
1152 1
274 21 4 130
1153 1
299 31 32 110
1154 1
321 14 10 29
1155 3
235 35 47 207.310000
236 35 47 207.310000
237 35 47 89.380000
1156 1
39 27 9 646
1157 1
316 48 34 91
1158 1
257 26 5 73
1159 1
76 20 9 478
1160 1
276 23 13 446
1161 1
309 24 15 79
1162 1
352 20 10 90
1163 1
107 20 14 91
1164 1
81 18 3 14
1165 1
334 25 7 50
1166 2
395 23 13 425.840000
397 24 13 329.160000
1167 2
78 42 27 429.470000
79 42 27 357.530000
1168 1
132 21 5 714
1169 3
21 21 11 670.810000
22 21 11 670.810000
23 21 11 633.380000
1170 4
77 23 13 667.630000
78 23 13 667.630000
85 23 13 667.630000
86 23 13 494.110000
1171 1
364 16 12 595
1172 1
298 28 13 147
1173 1
90 30 12 137
1174 3
199 49 38 258.270000
200 49 38 258.270000
201 49 38 41.460000
1175 1
337 15 20 121
1176 1
24 28 15 146
1177 1
231 25 13 81
1178 3
284 27 21 564.930000
285 27 21 564.930000
286 27 21 119.140000
1179 5
1 47 34 331.880000
2 47 34 331.880000
9 47 34 331.880000
10 47 34 331.880000
11 47 34 184.480000
1180 4
49 27 14 631.460000
50 27 14 631.460000
51 27 14 631.460000
52 27 14 198.620000
1181 1
0 39 42 51
1182 1
357 25 35 121
1183 1
314 30 10 62
1184 1
325 22 13 113
1185 2
60 16 9 680.950000
61 16 9 271.050000
1186 1
344 24 8 67
1187 1
391 30 26 113
1188 1
322 19 13 52
1189 1
41 27 32 123
1190 1
296 19 15 148
1191 1
375 32 13 104
1192 1
49 22 11 88
1193 1
321 38 17 86
1194 1
391 22 15 87
1195 1
307 19 14 137
1196 1
314 28 15 38
1197 1
274 24 12 539
1198 1
86 20 9 110
1199 3
234 24 8 719.980000
235 24 8 719.980000
236 24 8 179.040000
1200 2
269 36 14 602.410000
270 36 14 116.590000
1201 1
276 23 13 131
1202 1
79 3 15 104
1203 2
389 21 12 625.730000
390 21 12 134.270000
1204 1
393 23 14 148
1205 1
369 18 3 145
1206 1
192 21 10 386
1207 1
203 18 7 118
1208 1
398 30 9 98
1209 2
95 27 11 685.160000
96 27 11 87.840000
1210 1
161 26 13 148
1211 1
118 23 26 135
1212 1
359 22 11 24
1213 1
34 40 40 70
1214 1
138 16 14 73
1215 1
346 22 12 98
1216 1
188 32 6 24
1217 1
230 40 27 385
1218 1
270 25 15 85
1219 2
292 20 15 427.540000
293 20 15 339.460000
1220 1
115 25 11 27
1221 2
262 31 15 614.450000
263 31 15 105.550000
1222 1
222 27 13 90
1223 1
169 25 14 141
1224 1
146 22 12 132
1225 1
202 40 25 75
1226 1
303 29 15 38
1227 1
120 23 15 97
1228 1
88 19 48 141
1229 1
289 19 12 135
1230 2
26 23 8 725.590000
27 23 8 21.410000
1231 1
311 19 11 30
1232 2
136 37 25 475.720000
137 37 25 182.280000
1233 2
113 29 15 601.380000
114 29 15 62.620000
1234 1
252 26 8 494
1235 1
161 22 11 118
1236 2
261 28 42 314.730000
262 28 42 310.270000
1237 2
11 23 15 461.380000
12 23 15 277.620000
1238 1
244 30 10 90
1239 1
273 24 8 41
1240 4
205 33 34 398.440000
206 33 34 398.440000
213 33 34 398.440000
214 33 34 306.680000
1241 4
225 25 11 692.070000
226 25 11 692.070000
227 25 11 692.070000
228 25 11 136.790000
1242 3
361 25 13 621.840000
362 25 13 621.840000
363 25 13 239.320000
1243 1
336 20 13 106
1244 1
197 26 15 20
1245 1
81 25 9 106
1246 1
130 23 15 115
1247 1
325 25 3 77
1248 1
69 19 13 420
1249 1
55 27 11 427
1250 1
294 26 12 112
1251 1
314 22 45 91
1252 1
275 27 11 135
1253 1
61 49 12 79
1254 2
389 31 13 636.750000
390 31 13 18.250000
1255 1
213 20 45 13
1256 1
58 26 15 141
1257 1
135 27 11 77
1258 1
233 31 9 436
1259 2
191 24 9 699.080000
192 24 9 14.920000
1260 1
73 31 14 129
1261 1
294 20 5 532
1262 1
356 23 2 579
1263 2
52 22 14 613.410000
53 22 14 22.590000
1264 3
398 30 13 625.230000
399 30 13 625.230000
399 30 14 575.670000
1265 1
102 31 10 17
1266 1
69 27 14 13
1267 1
339 24 15 261
1268 1
96 20 9 74
1269 1
35 24 7 412
1270 1
69 25 15 556
1271 1
376 26 15 14
1272 1
346 26 15 100
1273 1
154 28 11 287
1274 2
54 23 14 644
55 23 14 55
1275 1
360 44 35 147
1276 2
263 24 8 609.980000
264 24 8 14.020000
1277 1
384 23 23 32
1278 3
68 20 12 622.330000
69 20 12 622.330000
70 20 12 170.340000
1279 1
65 20 14 68
1280 1
258 20 7 690
1281 1
33 24 13 653
1282 2
112 30 11 333.980000
113 30 11 508.020000
1283 1
234 23 3 154
1284 1
11 27 13 33
1285 1
379 39 24 127
1286 1
154 35 32 31
1287 1
13 24 13 141
1288 1
126 29 9 248
1289 1
355 24 8 89
1290 1
390 27 13 17
1291 1
212 26 8 204
1292 1
277 42 32 48
1293 1
0 19 8 46
1294 1
69 24 10 101
1295 3
232 30 12 654.990000
233 30 12 654.990000
240 30 12 93.020000
1296 1
59 23 36 55
1297 2
205 21 14 606.710000
206 21 14 18.290000
1298 1
65 23 8 127
1299 1
321 21 11 42
1300 1
385 24 7 76
1301 1
112 29 7 175
1302 1
320 22 11 89
1303 1
251 48 48 51
1304 1
96 30 14 140
1305 1
141 39 28 123
1306 1
325 27 11 30
1307 1
55 17 30 133
1308 4
160 32 5 710.150000
161 32 5 710.150000
162 32 5 710.150000
163 32 5 155.550000
1309 1
326 25 12 514
1310 1
144 21 10 276
1311 1
344 28 6 96
1312 1
214 24 3 113
1313 1
82 25 8 60
1314 4
205 33 13 644.070000
206 33 13 644.070000
207 33 13 644.070000
208 33 13 118.790000
1315 1
374 20 25 23
1316 1
282 24 4 22
1317 1
59 37 49 137
1318 1
325 39 45 49
1319 2
370 47 33 337.720000
371 47 33 103.280000
1320 1
321 32 5 598
1321 1
285 30 10 123
1322 1
116 21 13 37
1323 2
79 37 24 502.190000
80 37 24 257.810000
1324 1
278 18 3 68
1325 1
10 29 2 103
1326 1
150 21 31 64
1327 1
196 16 42 100
1328 2
349 28 4 759.700000
350 28 4 24.300000
1329 1
208 19 9 109
1330 1
335 21 9 310
1331 2
260 23 15 646.690000
261 23 15 201.310000
1332 1
23 32 14 28
1333 1
123 16 2 94
1334 1
389 18 38 76
1335 1
244 28 15 38
1336 1
303 26 7 139
1337 1
393 24 8 51
1338 1
377 27 4 81
1339 2
15 19 15 622.850000
16 19 15 39.150000
1340 1
117 19 14 65
1341 1
226 30 9 458
1342 1
170 30 12 145
1343 1
23 18 11 44
1344 1
362 39 26 150
1345 1
111 38 32 139
1346 1
264 21 10 110
1347 1
121 22 15 16
1348 1
168 20 43 75
1349 1
29 24 10 128
1350 2
360 22 11 688.060000
361 22 11 0.940000
1351 1
374 24 3 330
1352 1
189 25 10 40
1353 1
278 25 5 715
1354 2
217 22 12 636.410000
218 22 12 111.590000
1355 1
291 23 15 422
1356 1
38 30 28 14
1357 1
178 26 14 84
1358 1
197 31 13 122
1359 1
113 24 13 557
1360 1
315 27 11 37
1361 1
255 17 15 50
1362 1
396 46 30 42
1363 1
232 21 10 87
1364 1
258 28 13 10
1365 1
343 26 7 325
1366 1
127 27 5 705
1367 1
105 24 13 72
1368 1
59 25 14 96
1369 1
100 23 11 316
1370 4
277 35 15 599.790000
278 35 15 599.790000
279 35 15 599.790000
280 35 15 155.630000
1371 2
386 30 13 625.230000
387 30 13 117.770000
1372 2
30 23 15 646.690000
31 23 15 11.310000
1373 1
35 21 14 78
1374 1
70 27 13 68
1375 2
141 28 12 650.840000
142 28 12 19.160000
1376 1
13 15 22 124
1377 1
274 21 4 45
1378 1
169 22 7 79
1379 1
264 26 7 128
1380 2
67 22 12 636.410000
68 22 12 71.590000
1381 1
6 30 9 136
1382 1
301 26 13 100
1383 1
221 22 11 95
1384 1
362 24 14 44
1385 1
398 40 48 65
1386 1
86 32 8 508
1387 1
326 23 12 86
1388 2
333 26 7 744.380000
334 26 7 402.620000
1389 1
6 20 9 116
1390 2
175 21 9 696.930000
176 21 9 47.070000
1391 1
13 31 14 22
1392 1
318 22 1 624
1393 1
270 23 11 19
1394 1
29 23 11 43
1395 1
243 26 7 242
1396 2
104 30 10 678.690000
105 30 10 103.310000
1397 1
199 31 12 83
1398 1
267 21 9 18
1399 1
143 23 14 131
1400 1
253 24 8 54
1401 2
136 20 13 557.890000
137 20 13 100.110000
1402 1
202 27 12 12
1403 1
220 16 9 628
1404 1
7 19 8 495
1405 1
120 35 49 14
1406 1
344 21 29 115
1407 1
145 29 14 534
1408 1
67 29 13 69
1409 1
264 25 3 25
1410 1
21 26 13 108
1411 1
116 27 11 118
1412 3
109 23 5 748.910000
110 23 5 748.910000
111 23 5 130.180000
1413 1
243 24 13 30
1414 1
346 27 10 109
1415 1
264 25 47 138
1416 1
14 28 5 45
1417 1
392 22 14 561
1418 4
390 29 12 654.920000
391 29 12 654.920000
392 29 12 654.920000
393 29 12 397.240000
1419 2
260 12 15 589.630000
261 12 15 140.370000
1420 1
393 31 14 128
1421 2
301 21 11 670.810000
302 21 11 84.190000
1422 2
308 39 28 446.630000
309 39 28 70.370000
1423 1
32 28 8 122
1424 1
381 44 44 72
1425 1
371 23 40 138
1426 2
113 24 13 117.480000
114 24 13 27.520000
1427 1
370 27 14 140
1428 1
307 27 0 86
1429 1
34 18 15 145
1430 1
154 28 11 17
1431 1
173 23 14 628
1432 1
352 40 25 108
1433 2
271 26 13 652.750000
272 26 13 136.250000
1434 1
143 22 10 107
1435 2
4 21 19 600.650000
5 21 19 221.350000
1436 1
213 29 15 49
1437 1
295 31 4 25
1438 1
192 27 13 88
1439 1
272 21 10 81
1440 1
291 29 7 142
1441 1
19 26 14 145
1442 1
343 19 36 201
1443 2
288 30 8 189.670000
289 30 8 386.330000
1444 1
305 27 11 49
1445 1
204 24 13 136
1446 1
269 21 26 74
1447 1
392 24 4 279
1448 1
337 46 35 47
1449 1
18 23 13 28
1450 1
78 28 13 130
1451 1
345 22 8 161
1452 1
293 24 13 119
1453 1
397 30 4 18
1454 2
125 32 13 622.930000
126 32 13 157.070000
1455 1
387 19 29 84
1456 1
85 21 3 59
1457 1
100 25 5 508
1458 1
318 29 9 28
1459 1
375 21 8 467
1460 1
384 22 24 42
1461 1
39 29 9 130
1462 1
87 19 8 30
1463 1
181 46 23 149
1464 1
367 27 10 103
1465 1
27 21 22 13
1466 1
389 23 5 149
1467 1
87 19 14 20
1468 1
12 20 10 13
1469 1
355 33 27 62
1470 1
312 24 14 171
1471 1
310 25 9 20
1472 1
324 26 12 377
1473 1
141 27 13 97
1474 4
208 44 10 541.220000
209 44 10 541.220000
210 44 10 541.220000
211 44 10 107.340000
1475 1
242 20 15 79
1476 1
351 28 12 60
1477 2
373 29 26 478.160000
374 29 26 168.840000
1478 1
295 25 36 387
1479 1
248 23 12 11
1480 1
204 24 3 71
1481 1
45 23 7 12
1482 4
84 26 12 643.620000
85 26 12 643.620000
86 26 12 643.620000
87 26 12 386.140000
1483 1
80 36 44 127
1484 1
294 16 2 551
1485 1
252 40 10 75
1486 1
309 23 2 487
1487 1
178 22 26 82
1488 2
352 27 12 678.570000
353 27 12 102.430000
1489 1
53 26 7 89
1490 1
387 19 14 14
1491 1
101 23 15 385
1492 1
271 23 9 282
1493 1
290 23 21 77
1494 1
240 29 12 127
1495 1
367 32 8 488
1496 1
255 29 14 127
1497 1
382 24 4 32
1498 2
184 25 44 299.020000
191 25 44 44.980000
1499 1
109 27 9 84
1500 1
205 25 12 127
1501 1
363 24 8 96
1502 2
353 27 12 576.140000
354 27 12 204.860000
1503 1
253 31 10 144
1504 1
137 29 13 548
1505 1
103 20 10 180
1506 1
388 31 29 48
1507 1
212 28 46 18
1508 1
1 29 11 70
1509 1
70 20 11 188
1510 1
222 23 9 139
1511 1
222 24 14 190
1512 1
210 27 9 608
1513 1
359 39 17 148
1514 1
320 39 42 13
1515 1
223 31 14 377
1516 1
300 29 12 29
1517 2
8 30 7 685.990000
9 30 7 263.010000
1518 1
273 29 15 137
1519 1
32 24 14 144
1520 3
150 27 13 663.020000
151 27 13 663.020000
152 27 13 542.960000
1521 1
295 19 15 79
1522 1
396 24 6 704
1523 2
284 21 4 761.740000
285 21 4 326.260000
1524 1
163 29 42 114
1525 1
184 18 0 54
1526 1
175 21 24 145
1527 3
166 18 49 205.170000
167 18 49 205.170000
168 18 49 1.660000
1528 1
103 25 49 146
1529 1
24 28 10 72
1530 2
210 34 19 546.330000
211 34 19 345.670000
1531 1
21 17 42 81
1532 1
34 37 21 134
1533 1
137 22 8 79
1534 1
195 28 35 140
1535 1
293 16 9 494
1536 1
367 23 33 195
1537 1
10 23 15 49
1538 1
185 23 13 39
1539 1
267 23 13 662
1540 1
125 31 14 589
1541 1
246 29 44 35
1542 1
302 22 14 32
1543 1
195 23 13 89
1544 1
73 24 8 125
1545 5
28 27 24 506.140000
29 27 24 506.140000
30 27 24 506.140000
31 27 24 506.140000
38 27 24 439.440000
1546 1
143 39 30 92
1547 1
303 24 13 149
1548 1
33 18 12 87
1549 1
226 43 27 49
1550 3
348 38 40 325.650000
349 38 40 325.650000
356 38 40 144.700000
1551 3
279 23 12 655.750000
286 23 12 655.750000
287 23 12 649.500000
1552 1
13 24 8 112
1553 1
399 21 13 109
1554 1
234 18 15 473
1555 1
115 31 14 512
1556 1
342 24 14 480
1557 1
271 21 5 66
1558 1
107 18 14 215
1559 1
331 25 15 60
1560 1
397 28 14 188
1561 1
328 28 13 78
1562 15
150 49 46 88.650000
151 49 46 177.300000
152 49 46 177.300000
153 49 46 177.300000
154 49 46 177.300000
155 49 46 88.650000
160 49 46 54.100000
161 49 46 177.300000
162 49 46 177.300000
163 49 46 177.300000
164 49 46 177.300000
171 49 46 177.300000
172 49 46 177.300000
173 49 46 177.300000
174 49 46 177.300000
1563 1
37 31 7 91
1564 1
187 21 13 47
1565 1
45 23 8 87
1566 1
377 30 14 75
1567 1
196 29 14 109
1568 1
321 23 10 39
1569 2
39 23 11 688.420000
40 23 11 39.580000
1570 2
197 27 15 612.630000
198 27 15 141.370000
1571 1
69 21 6 42
1572 1
324 26 11 17
1573 1
232 32 4 106
1574 1
204 26 11 182
1575 2
37 35 26 437.400000
38 35 26 160.600000
1576 1
48 20 12 28
1577 1
84 24 13 99
1578 1
192 28 7 542
1579 1
182 22 15 95
1580 1
47 35 10 371
1581 1
32 43 35 79
1582 2
274 18 25 505.020000
275 18 25 124.980000
1583 4
356 24 11 671.620000
357 24 11 671.620000
358 24 11 671.620000
359 24 11 191.140000
1584 1
301 24 9 91
1585 1
225 24 13 34
1586 1
358 28 3 31
1587 1
273 24 14 13
1588 1
323 24 13 42
1589 1
75 23 8 60
1590 2
206 23 13 667.630000
207 23 13 510.370000
1591 1
171 18 23 484
1592 1
17 29 4 36
1593 2
222 26 8 676.450000
223 26 8 4.550000
1594 1
303 24 13 22
1595 1
41 24 9 697
1596 1
264 20 15 64
1597 1
155 23 8 86
1598 1
99 17 9 101
1599 1
320 23 11 69
1600 2
170 28 24 511.720000
171 28 24 137.280000
1601 1
31 25 9 86
1602 1
189 25 46 79
1603 1
287 21 9 114
1604 1
364 21 4 48
1605 1
357 20 13 150
1606 1
385 23 8 16
1607 1
121 14 20 149
1608 7
256 32 44 290.050000
257 32 44 145.025000
263 32 44 290.050000
264 32 44 290.050000
265 32 44 290.050000
266 32 44 290.050000
273 32 44 10.725000
1609 1
255 24 7 107
1610 1
249 22 11 14
1611 2
146 40 28 436.350000
147 40 28 17.650000
1612 1
386 20 13 52
1613 1
55 28 11 86
1614 1
359 31 13 127
1615 1
112 20 10 18
1616 1
58 7 14 79
1617 1
113 27 7 133
1618 1
355 36 6 28
1619 1
46 23 13 439
1620 2
82 18 7 676.500000
83 18 7 15.500000
1621 1
382 25 8 20
1622 1
168 13 16 309
1623 2
293 16 2 704.740000
294 16 2 50.260000
1624 1
360 23 15 39
1625 1
156 32 3 11
1626 1
275 25 12 91
1627 1
251 21 2 58
1628 1
314 26 7 107
1629 2
26 27 10 705.560000
27 27 10 580.440000
1630 2
338 19 9 695.180000
339 19 9 15.820000
1631 1
378 30 13 292
1632 1
360 20 7 101
1633 1
321 27 13 125
1634 1
74 26 12 238
1635 1
132 23 9 173
1636 1
193 18 46 117
1637 6
2 26 34 370.450000
3 26 34 370.450000
10 26 34 370.450000
11 26 34 370.450000
12 26 34 370.450000
13 26 34 253.750000
1638 1
388 20 7 294
1639 1
337 23 8 715
1640 1
167 38 20 101
1641 2
371 28 12 650.840000
372 28 12 118.160000
1642 1
16 26 15 90
1643 1
3 20 10 40
1644 1
15 25 12 28
1645 7
154 23 48 242.890000
155 23 48 242.890000
156 23 48 242.890000
157 23 48 242.890000
164 23 48 242.890000
165 23 48 242.890000
166 23 48 23.660000
1646 1
241 41 35 83
1647 1
345 30 5 15
1648 2
59 45 25 422.410000
60 45 25 362.590000
1649 4
294 28 15 624.080000
295 28 15 624.080000
296 28 15 624.080000
297 28 15 594.760000
1650 5
393 24 13 323.480000
394 24 13 674.480000
395 24 13 674.480000
396 24 13 674.480000
397 24 13 8.080000
1651 1
183 18 7 149
1652 2
119 20 22 547.460000
120 20 22 56.540000
1653 1
115 21 9 86
1654 1
145 25 12 51
1655 1
95 22 8 12
1656 3
2 19 46 277.440000
3 19 46 277.440000
4 19 46 60.120000
1657 1
206 20 13 96
1658 2
193 24 8 719.980000
194 24 8 648.020000
1659 1
173 23 40 335
1660 1
198 26 9 293
1661 1
80 30 6 16
1662 1
91 24 9 63
1663 1
112 30 11 310
1664 2
48 26 14 638.930000
49 26 14 101.070000
1665 1
43 26 7 172
1666 1
196 29 9 136
1667 1
320 23 15 150
1668 1
333 26 33 146
1669 1
127 19 4 40
1670 1
225 22 13 97
1671 1
81 30 12 92
1672 1
67 24 11 110
1673 1
218 18 14 304
1674 1
196 30 14 82
1675 1
77 30 10 191
1676 2
356 20 13 158.890000
357 20 13 65.110000
1677 2
195 35 16 583.480000
196 35 16 56.520000
1678 1
351 21 20 28
1679 1
398 27 25 109
1680 1
112 27 12 46
1681 1
253 31 14 110
1682 2
301 19 7 665.140000
302 19 7 75.860000
1683 1
2 21 5 117
1684 1
215 26 21 116
1685 2
299 12 36 367.370000
300 12 36 57.630000
1686 1
336 19 40 300
1687 1
358 37 29 83
1688 1
149 16 5 174
1689 1
76 20 13 309
1690 1
393 24 13 351
1691 1
70 28 43 16
1692 2
64 21 15 587.560000
65 21 15 118.440000
1693 1
85 27 12 113
1694 2
130 38 13 577.740000
131 38 13 17.260000
1695 1
143 24 39 39
1696 1
288 25 12 10
1697 1
273 24 4 25
1698 2
148 24 10 673.270000
149 24 10 621.730000
1699 1
97 21 9 80
1700 4
100 19 13 624.690000
101 19 13 624.690000
102 19 13 624.690000
109 19 13 234.930000
1701 2
233 24 13 636.480000
234 24 13 135.520000
1702 1
47 21 4 109
1703 1
197 21 13 143
1704 1
164 22 15 147
1705 1
169 27 9 528
1706 4
72 29 6 698.910000
73 29 6 698.910000
74 29 6 698.910000
75 29 6 293.270000
1707 1
139 21 6 134
1708 1
105 30 10 55
1709 1
378 24 30 278
1710 1
279 25 14 157
1711 1
367 25 10 131
1712 1
252 24 14 60
1713 1
74 27 6 348
1714 1
354 45 32 34
1715 1
192 25 29 99
1716 1
371 21 11 70
1717 1
149 27 14 107
1718 1
49 45 29 72
1719 1
349 23 10 266
1720 1
35 24 3 48
1721 2
367 38 35 372.170000
368 38 35 256.830000
1722 1
147 26 5 101
1723 1
46 40 19 139
1724 3
106 25 12 666.830000
107 25 12 666.830000
108 25 12 479.340000
1725 3
203 46 42 268.010000
204 46 42 268.010000
205 46 42 219.980000
1726 1
17 24 6 46
1727 1
8 22 7 96
1728 1
31 30 26 60
1729 1
364 24 8 13
1730 1
301 28 2 143
1731 1
118 22 7 26
1732 1
326 30 34 72
1733 1
72 20 15 119
1734 1
178 26 9 240
1735 1
255 25 12 138
1736 1
310 23 15 101
1737 1
262 16 13 42
1738 2
344 40 29 402.750000
345 40 29 153.250000
1739 1
222 27 12 141
1740 1
167 29 18 147
1741 1
56 28 14 132
1742 2
12 23 10 692.300000
19 23 10 27.700000
1743 1
149 27 14 109
1744 1
184 25 7 33
1745 2
333 22 15 638.970000
334 22 15 128.030000
1746 1
25 24 13 46
1747 3
6 30 9 557.140000
7 30 9 693.140000
8 30 9 587.720000
1748 1
206 10 14 48
1749 1
328 17 4 20
1750 1
199 36 24 76
1751 1
326 23 12 484
1752 1
190 32 15 136
1753 1
190 19 13 26
1754 1
341 35 19 353
1755 1
324 18 10 136
1756 1
235 38 25 11
1757 1
395 26 6 74
1758 1
156 28 15 182
1759 3
26 36 45 278.250000
27 36 45 278.250000
28 36 45 210.500000
1760 1
252 20 15 90
1761 1
70 23 11 38
1762 2
287 26 15 627.680000
288 26 15 601.320000
1763 2
351 26 13 652.750000
352 26 13 0.250000
1764 1
59 22 11 17
1765 1
76 42 8 107
1766 1
270 19 13 99
1767 3
321 31 11 622.800000
322 31 11 622.800000
323 31 11 29.400000
1768 1
353 29 30 18
1769 1
235 22 13 108
1770 1
375 23 13 118
1771 1
263 24 8 110
1772 2
10 23 15 597.690000
11 23 15 185.310000
1773 1
169 25 14 148
1774 1
88 33 21 384
1775 1
46 21 9 24
1776 1
287 31 13 37
1777 1
311 24 9 489
1778 1
362 29 6 596
1779 1
341 23 9 40
1780 1
345 31 29 109
1781 2
57 26 15 627.680000
58 26 15 151.320000
1782 2
50 27 19 591.660000
51 27 19 138.340000
1783 2
395 17 11 616.980000
396 17 11 463.020000
1784 1
304 21 10 30
1785 4
90 23 15 646.690000
91 23 15 646.690000
92 23 15 646.690000
93 23 15 448.930000
1786 1
158 30 14 53
1787 1
25 29 14 62
1788 1
75 27 11 139
1789 1
386 26 10 437
1790 1
275 27 11 391
1791 1
370 20 37 116
1792 1
359 23 11 539
1793 3
25 21 8 722.460000
26 21 8 722.460000
27 21 8 79.080000
1794 1
222 42 15 17
1795 3
190 37 24 502.190000
191 37 24 502.190000
198 37 24 20.620000
1796 1
185 23 13 130
1797 1
232 27 13 599
1798 2
181 27 28 464.560000
182 27 28 96.440000
1799 1
186 26 15 60
1800 1
74 28 15 83
1801 1
253 23 14 10
1802 1
95 25 12 340
1803 1
134 30 15 109
1804 1
399 23 12 434
1805 1
177 45 21 298
1806 1
29 20 13 81
1807 1
231 21 1 81
1808 1
298 30 43 23
1809 2
372 20 6 703.400000
373 20 6 36.600000
1810 2
55 33 37 355.760000
56 33 37 353.240000
1811 1
273 24 13 12
1812 2
209 27 14 631.460000
210 27 14 128.540000
1813 1
54 24 3 115
1814 1
271 22 15 23
1815 3
255 25 12 528.830000
256 25 12 666.830000
257 25 12 615.340000
1816 1
218 29 8 71
1817 1
352 24 14 637
1818 1
175 25 11 70
1819 1
113 24 28 479
1820 1
378 31 13 27
1821 1
364 28 25 113
1822 3
135 35 21 550.410000
136 35 21 550.410000
137 35 21 124.180000
1823 3
397 30 14 623.890000
398 30 14 623.890000
399 30 14 48.220000
1824 1
356 24 6 147
1825 1
97 16 5 33
1826 1
99 27 9 132
1827 1
92 23 44 53
1828 1
369 21 12 115
1829 1
50 22 10 467
1830 1
86 20 13 526
1831 1
60 26 4 26
1832 2
159 27 14 631.460000
160 27 14 70.540000
1833 1
68 24 10 33
1834 2
399 27 10 705.560000
399 29 9 708.840000
1835 2
93 24 13 674.480000
94 24 13 482.520000
1836 1
313 16 2 505
1837 1
321 24 9 59
1838 1
76 21 13 55
1839 1
265 27 11 393
1840 2
314 23 23 519.720000
315 23 23 75.280000
1841 1
92 22 15 44
1842 1
11 27 38 143
1843 1
127 29 9 118
1844 1
236 22 12 61
1845 1
140 16 14 112
1846 1
135 24 2 37
1847 4
46 28 14 604.370000
47 28 14 604.370000
48 28 14 604.370000
49 28 14 539.890000
1848 1
185 23 13 10
1849 1
341 22 15 56
1850 1
145 26 36 95
1851 7
159 27 35 398.510000
160 27 35 398.510000
161 27 35 97.940000
167 27 35 398.510000
168 27 35 398.510000
169 27 35 398.510000
170 27 35 398.510000
1852 1
276 26 10 124
1853 1
126 30 13 135
1854 1
214 28 11 444
1855 1
180 23 15 31
1856 1
312 22 15 451
1857 1
192 18 1 371
1858 2
158 24 10 673.270000
159 24 10 85.730000
1859 1
80 27 8 117
1860 1
182 30 12 54
1861 1
21 23 49 135
1862 2
333 15 22 488.920000
334 15 22 175.080000
1863 1
134 30 15 71
1864 1
11 30 12 129
1865 1
388 24 10 362
1866 1
214 28 11 139
1867 1
170 22 10 72
1868 1
349 18 29 13
1869 4
40 27 13 663.020000
41 27 13 663.020000
42 27 13 663.020000
43 27 13 316.940000
1870 1
312 10 35 112
1871 1
110 23 11 80
1872 1
262 24 14 140
1873 2
197 19 14 548.330000
198 19 14 229.670000
1874 4
192 20 10 654.970000
193 20 10 654.970000
194 20 10 654.970000
195 20 10 149.090000
1875 1
364 28 30 83
1876 2
81 22 15 638.970000
82 22 15 273.030000
1877 4
230 34 46 248.720000
231 34 46 248.720000
238 34 46 248.720000
239 34 46 7.840000
1878 1
158 25 5 485
1879 2
258 34 26 484.080000
259 34 26 30.920000
1880 2
245 35 43 296.280000
252 35 43 61.720000
1881 1
191 34 25 117
1882 1
397 29 13 40
1883 1
346 35 21 324
1884 1
57 25 10 55
1885 1
46 12 18 20
1886 1
65 25 12 54
1887 1
390 16 9 36
1888 1
44 28 11 60
1889 1
166 31 8 464
1890 1
315 20 10 102
1891 1
223 19 36 93
1892 1
50 30 12 78
1893 1
375 48 41 257
1894 1
32 23 15 144
1895 1
213 29 12 48
1896 1
316 21 15 47
1897 1
292 24 14 100
1898 4
15 23 13 667.630000
16 23 13 667.630000
17 23 13 667.630000
18 23 13 118.110000
1899 1
99 23 11 47
1900 1
169 37 33 15
1901 1
150 29 12 336
1902 1
204 24 12 97
1903 1
261 23 15 76
1904 1
68 28 13 145
1905 1
316 24 6 360
1906 1
46 26 15 59
1907 1
41 22 15 64
1908 1
266 36 45 92
1909 2
365 24 27 502.220000
366 24 27 223.780000
1910 1
186 29 9 114
1911 2
4 26 33 426.010000
5 26 33 245.990000
1912 1
352 26 13 52
1913 1
3 27 7 373
1914 1
218 31 12 582
1915 1
112 22 4 437
1916 1
41 25 15 98
1917 4
146 20 13 646.890000
147 20 13 646.890000
148 20 13 646.890000
149 20 13 263.330000
1918 1
62 19 13 136
1919 1
393 39 30 89
1920 4
371 21 5 751.570000
372 21 5 751.570000
373 21 5 751.570000
374 21 5 201.290000
1921 1
98 26 9 485
1922 2
277 29 9 708.840000
278 29 9 55.160000
1923 1
227 32 17 234
1924 1
154 28 25 491
1925 1
384 24 12 93
1926 1
21 25 44 78
1927 1
170 23 15 86
1928 1
209 23 11 49
1929 1
182 31 15 65
1930 1
45 30 15 116
1931 1
228 21 42 15
1932 2
251 22 15 638.970000
252 22 15 97.030000
1933 1
173 22 15 432
1934 1
292 23 15 121
1935 1
313 20 15 63
1936 1
173 46 37 54
1937 1
28 26 9 71
1938 1
26 17 11 491
1939 3
339 21 6 741.100000
340 21 6 741.100000
341 21 6 667.800000
1940 1
256 20 9 378
1941 1
191 22 11 90
1942 1
396 26 15 98
1943 1
22 23 49 145
1944 1
385 20 14 87
1945 1
231 24 9 654
1946 1
298 20 12 371
1947 2
311 24 9 210.080000
312 24 9 18.920000
1948 1
236 24 11 18
1949 2
362 22 14 43.410000
363 22 14 59.590000
1950 1
109 19 13 71
1951 1
69 15 15 237
1952 4
97 23 31 456.820000
98 23 31 456.820000
99 23 31 456.820000
100 23 31 387.540000
1953 1
207 30 13 90
1954 1
102 22 14 12
1955 2
78 23 42 319.890000
79 23 42 8.110000
1956 1
302 26 13 27
1957 1
64 28 11 52
1958 1
252 39 26 47
1959 2
135 23 43 317.300000
136 23 43 213.700000
1960 2
39 22 11 688.060000
40 22 11 6.940000
1961 1
11 25 13 361
1962 1
265 21 24 436
1963 1
42 24 4 60
1964 1
106 27 15 151
1965 1
215 34 28 37
1966 1
249 24 15 26
1967 1
267 27 4 456
1968 1
198 30 9 112
1969 1
23 24 8 69
1970 1
384 29 1 455
1971 2
191 12 25 471.150000
192 12 25 84.850000
1972 1
89 30 9 73
1973 3
4 48 36 314.200000
5 48 36 314.200000
6 48 36 106.600000
1974 2
142 20 15 607.540000
143 20 15 159.460000
1975 1
319 25 15 520
1976 1
294 22 9 98
1977 1
80 32 15 238
1978 1
389 27 44 136
1979 2
262 27 12 678.570000
263 27 12 57.430000
1980 2
129 19 14 627.330000
130 19 14 171.670000
1981 1
388 20 12 113
1982 1
340 23 15 126
1983 1
136 27 10 125
1984 1
143 28 17 87
1985 1
13 29 15 51
1986 1
53 17 12 131
1987 1
236 23 13 126
1988 2
348 16 14 613.070000
349 16 14 602.930000
1989 1
222 41 15 56
1990 1
280 29 38 123
1991 1
105 21 14 114
1992 4
228 27 11 523.640000
235 27 11 685.160000
236 27 11 685.160000
237 27 11 514.040000
1993 1
90 28 8 114
1994 1
397 28 14 65
1995 1
362 27 12 106
1996 1
97 22 2 110
1997 2
367 21 33 430.540000
368 21 33 110.460000
1998 2
174 22 9 703
175 22 9 39
1999 1
75 26 31 403
2000 2
287 23 12 6.250000
288 23 12 143.750000
