1 2
43 11 14 395.810000
44 11 14 268.190000
2 1
186 8 5 49
3 1
172 6 4 91
4 1
73 9 11 121
5 1
85 9 4 533
6 2
97 10 4 648.810000
98 10 4 98.190000
7 1
119 7 5 50
8 1
77 8 5 133
9 1
170 15 9 200
10 1
48 9 3 45
11 1
25 9 4 116
12 1
126 14 7 496
13 1
101 9 2 103
14 1
172 8 2 105
15 2
156 12 13 404.760000
157 12 13 220.240000
16 2
77 15 16 284.700000
78 15 16 105.300000
17 1
138 8 19 49
18 1
180 9 17 70
19 1
51 9 2 126
20 1
144 10 5 63
21 1
37 10 0 54
22 3
84 9 5 628.220000
85 9 5 628.220000
86 9 5 86.560000
23 1
131 4 10 66
24 1
122 9 2 37
25 1
70 7 4 93
26 1
167 12 3 65
27 1
80 15 4 105
28 1
189 8 3 211
29 1
108 8 4 83
30 1
30 18 13 39
31 1
160 7 3 16
32 1
91 9 1 296
33 1
96 9 0 104
34 3
174 12 4 651.450000
175 12 4 651.450000
176 12 4 404.100000
35 2
88 9 3 695.090000
89 9 3 61.910000
36 1
56 11 3 290
37 1
34 9 5 138
38 1
20 13 10 113
39 1
158 10 4 102
40 1
79 10 3 322
41 1
37 9 3 352
42 1
154 10 14 92
43 1
72 6 2 28
44 1
25 9 4 128
45 1
38 8 5 97
46 1
115 9 4 103
47 1
161 9 2 246
48 1
36 10 5 110
49 1
32 8 2 144
50 1
87 6 10 67
51 4
195 19 19 143.160000
196 19 19 143.160000
197 19 19 143.160000
198 19 19 64.520000
52 1
178 12 11 52
53 1
194 10 5 146
54 1
99 19 8 51
55 1
142 10 6 142
56 4
116 11 13 411.080000
117 11 13 411.080000
118 11 13 411.080000
119 11 13 20.760000
57 1
98 11 2 17
58 1
121 9 2 630
59 1
186 9 4 83
60 1
16 8 5 147
61 1
146 9 4 31
62 1
162 10 1 14
63 1
85 10 14 96
64 4
34 7 6 602.300000
35 7 6 602.300000
36 7 6 602.300000
43 7 6 582.100000
65 1
81 9 2 149
66 1
167 10 3 526
67 1
133 13 13 78
68 1
75 10 5 452
69 1
95 9 4 24
70 1
155 11 4 42
71 1
115 11 4 29
72 1
188 10 2 40
73 1
126 8 5 225
74 1
141 8 12 50
75 1
35 11 4 102
76 1
79 8 3 132
77 2
176 8 5 661.790000
177 8 5 52.210000
78 1
31 11 5 51
79 2
167 9 4 370.670000
168 9 4 419.330000
80 1
155 2 13 20
81 1
146 17 12 137
82 1
103 7 3 211
83 1
183 11 16 98
84 1
68 10 2 201
85 1
186 14 11 137
86 2
129 9 3 695.090000
130 9 3 51.910000
87 1
126 11 3 260
88 1
145 11 4 28
89 1
100 11 16 103
90 1
35 9 5 142
91 1
189 17 18 139
92 1
84 9 15 88
93 1
198 12 2 202
94 1
28 9 4 117
95 1
15 15 12 93
96 1
136 10 3 77
97 1
77 11 2 135
98 1
101 7 4 47
99 1
56 8 5 79
100 3
59 8 5 661.790000
66 8 5 661.790000
67 8 5 322.420000
101 1
40 11 2 131
102 1
28 5 5 188
103 2
104 4 18 231.610000
105 4 18 214.390000
104 1
116 12 8 136
105 1
187 11 4 340
106 1
103 10 1 32
107 1
67 9 18 78
108 2
64 9 5 628.220000
65 9 5 413.780000
109 1
76 8 5 286
110 1
137 9 4 73
111 1
15 10 5 61
112 1
149 14 16 124
113 1
118 9 4 15
114 1
17 15 10 220
115 1
166 10 3 117
116 1
144 10 5 40
117 1
76 10 4 118
118 1
185 10 1 579
119 1
153 12 9 72
120 1
19 19 18 69
121 1
171 11 5 80
122 1
164 10 5 91
123 1
63 11 14 46
124 1
62 11 17 30
125 1
96 10 3 28
126 1
60 15 19 40
127 1
86 8 5 146
128 1
185 9 4 62
129 1
141 9 2 116
130 1
140 15 14 75
131 1
35 10 1 148
132 2
196 8 4 643.800000
197 8 4 437.200000
133 1
15 9 4 133
134 2
70 14 5 622.180000
71 14 5 41.820000
135 1
61 7 4 100
136 1
178 9 3 30
137 2
165 10 4 648.810000
166 10 4 501.190000
138 1
58 11 4 131
139 1
6 10 18 111
140 1
173 7 11 45
141 1
21 10 11 111
142 1
96 8 5 107
143 1
182 9 2 548
144 1
26 8 0 609
145 1
154 9 5 13
146 1
97 9 4 424
147 1
22 8 1 136
148 1
85 9 4 94
149 1
122 6 3 91
150 1
94 9 5 149
151 6
177 15 10 449
178 15 10 449
179 15 10 449
180 15 10 449
187 15 10 449
188 15 10 184
152 2
108 9 4 700.890000
115 9 4 61.110000
153 1
137 11 19 37
154 1
165 10 5 120
155 1
177 9 3 110
156 1
21 12 5 46
157 1
112 9 2 27
158 1
189 8 3 313
159 3
168 15 15 295.530000
169 15 15 295.530000
170 15 15 186.940000
160 1
71 9 2 26
161 1
125 9 4 109
162 1
180 7 3 31
163 1
36 10 3 45
164 1
44 7 2 45
165 1
98 7 5 136
166 1
7 8 5 183
167 1
141 11 1 78
168 1
26 9 4 73
169 2
35 9 4 700.890000
36 9 4 51.110000
170 1
15 11 4 147
171 2
173 13 8 552.640000
174 13 8 18.360000
172 1
65 9 4 135
173 7
196 14 16 317.980000
196 15 16 284.700000
197 14 16 317.980000
197 15 16 284.700000
198 14 16 317.980000
198 15 16 13.680000
199 14 16 317.980000
174 3
187 7 5 605.430000
188 7 5 605.430000
189 7 5 527.140000
175 1
54 8 2 82
176 2
118 12 2 674.420000
119 12 2 448.580000
177 2
72 10 1 795.750000
73 10 1 742.250000
178 1
194 9 5 34
179 5
2 13 14 164.640000
3 13 14 334.590000
4 13 14 334.590000
5 13 14 334.590000
6 13 14 334.590000
180 1
187 12 8 526
181 1
156 11 4 64
182 1
28 10 2 543
183 1
143 9 11 82
184 1
105 9 4 395
185 1
9 6 4 43
186 3
197 8 0 761.970000
198 8 0 761.970000
199 8 0 478.060000
187 1
74 9 5 116
188 1
131 9 2 49
189 1
14 9 5 39
190 4
179 16 9 462.590000
180 16 9 462.590000
181 16 9 462.590000
188 16 9 428.230000
191 1
68 11 4 180
192 3
165 9 4 700.890000
166 9 4 700.890000
167 9 4 330.220000
193 1
26 9 0 39
194 1
38 10 2 19
195 1
69 9 3 40
196 1
17 9 3 89
197 1
190 9 17 136
198 1
6 11 9 12
199 1
107 3 12 295
200 1
117 9 4 247
